-128
88
-87
59
-122
121
-87
102
-10
106
-29
1
-66
13
-53
111
-41
53
-41
92
-95
-57
61
80
16
-9
69
-30
-36
84
-18
77
74
27
127
-36
48
-27
67
85
60
46
78
-11
64
-113
-47
-109
-77
22
76
-29
65
85
74
72
3
45
33
-29
-4
-121
-95
86
54
91
81
-1
-18
52
95
-119
3
-10
-3
127
86
-71
-98
-117
29
-22
-70
57
-115
46
90
-11
-65
51
-119
-90
81
3
45
-117
-77
-29
52
-107
-123
7
-9
-95
-16
108
79
-29
-38
43
-122
-34
-101
114
35
-88
-116
-48
-83
-100
-27
62
125
81
-88
-20
-97
-23
-95
-65
91
88
9
-97
80
-94
20
65
66
-76
-86
-79
-77
-55
-84
-94
-13
126
81
-80
109
86
-91
-29
-90
-101
-80
1
-15
-88
-4
93
-82
-48
126
77
-22
-29
-93
-6
44
46
125
-112
-127
72
74
-96
-53
-31
90
109
81
1
-88
-59
19
-123
-105
-33
1
25
-106
-90
-109
84
-102
-103
111
-26
-93
21
20
-49
0
99
-96
-99
71
96
97
-66
33
-27
59
-6
-121
-88
-93
63
-56
-56
-49
94
-31
71
-72
-86
83
-78
81
6
25
-102
125
29
-11
105
60
-111
-107
40
29
-113
76
107
-60
-82
-50
83
20
79
-116
59
2
-3
13
127
36
-101
72
20
-128
-36
-76
-120
89
20
-90
-109
76
70
77
16
-109
-70
-113
-66
-99
80
-36
-31
-77
-2
-103
45
69
-127
-40
69
-49
-20
-78
67
-49
-97
-105
-8
-2
-11
127
-16
33
14
-111
56
-114
29
105
123
-6
-97
-51
-83
75
-94
-24
92
43
-96
-48
-116
50
89
43
-21
-14
100
-74
-39
-120
119
9
16
-26
-32
45
68
-72
62
31
-93
22
-53
40
-10
-121
-56
-104
-121
-72
17
19
-3
101
71
-45
-3
-38
85
90
-121
69
91
127
86
1
-111
-111
-106
69
50
3
-15
-10
26
-92
-124
28
-90
-47
-86
-7
101
-100
-31
-116
-65
103
81
-4
73
-84
-6
59
13
-93
-112
-78
-93
88
111
73
-29
52
-107
-17
83
3
-24
-20
-8
-31
13
-17
-119
106
116
111
38
21
68
-64
-98
-19
100
-27
65
106
122
81
-14
-7
-78
-2
29
87
-124
-38
-114
-75
-114
-100
-94
-31
-59
86
-23
22
-8
96
0
-118
17
-20
97
-106
48
-97
66
118
88
81
-13
-49
-82
124
2
61
-36
86
-51
88
85
3
-27
20
-84
-2
98
-20
81
-78
89
70
-60
-115
-1
-42
-99
119
53
-20
82
89
115
-107
8
-43
-5
86
-115
46
122
-16
55
3
45
26
-77
-29
45
69
-71
96
-103
127
-95
-16
-124
-3
23
-42
-57
-90
21
-52
-33
1
76
81
6
85
-99
-95
-54
-31
-14
-107
-48
85
-46
86
92
75
-2
80
-86
18
-94
21
-46
-72
13
8
-7
-125
-44
127
-97
66
-54
97
-105
-56
32
98
101
-24
79
94
82
27
-22
112
-30
13
80
-29
-21
-77
92
86
27
-24
76
-12
103
72
-112
3
81
84
-3
65
36
84
65
-108
-111
46
-34
-5
1
-62
-19
75
3
-15
-72
-95
-69
72
-48
-23
20
-110
31
-31
-117
-100
5
83
-67
27
-31
-34
-54
-66
-96
-81
108
-52
-81
108
-82
-111
25
-39
103
67
-78
82
-33
1
71
-120
120
1
71
-3
-91
23
99
78
66
121
54
-99
38
-108
-76
17
36
-42
102
66
-81
-110
89
86
-91
-78
62
42
-25
-114
-115
-99
9
98
78
81
-95
15
75
-81
77
84
108
3
-24
-3
-3
-116
-34
-43
-38
127
-54
66
119
-102
-50
105
-105
-109
-88
6
-102
-13
-28
-95
-59
0
77
101
-83
-116
-106
-88
78
-96
96
-97
101
-88
-8
76
-2
-112
-14
-93
-58
-54
96
127
-61
-93
-108
-31
-86
-87
-114
29
43
-93
-47
-100
-35
84
79
69
90
-24
-93
-57
11
-47
-68
96
86
-18
-51
72
75
-29
45
-33
-80
-122
-33
1
-42
-123
-100
-30
-98
-77
-56
-63
87
17
90
95
81
-9
-48
-50
112
98
-103
-39
-95
-16
-124
-52
-5
27
107
-98
-12
-42
-96
87
-60
72
-88
-50
36
-42
27
11
85
-105
-95
-52
-106
-101
-104
-79
-89
68
-32
-1
-61
-27
78
-58
-85
5
-5
-108
46
44
-6
-62
10
6
69
-23
17
47
82
82
21
-114
76
74
-94
65
126
107
-25
65
-82
-44
-113
-85
-120
82
-62
36
-42
109
-106
-89
-5
-95
-59
-11
-104
93
-67
-61
-101
-109
-94
29
108
-25
-104
84
120
81
-96
-105
-114
-124
-121
109
-111
118
86
-1
-16
123
17
-3
-91
-66
-114
-107
27
-89
62
-70
-70
-62
-128
103
53
29
120
127
85
-77
-92
36
-42
105
-90
29
41
-108
-102
-118
-16
82
-44
3
96
100
-126
36
-42
-30
-96
-33
1
-117
-59
70
-3
-29
-123
-121
22
93
95
107
-78
79
-118
-86
78
-119
15
45
80
101
-119
-63
-107
93
-78
96
96
29
-17
57
42
-19
-33
81
-95
-65
-59
-36
-23
117
93
-87
-16
-71
-6
-20
-98
-76
-2
56
-23
-113
97
105
71
-17
-73
-27
-96
-39
-23
-107
-3
-33
-75
101
86
-1
-80
-126
91
-84
7
13
-99
86
-82
97
-7
-89
-67
-86
-117
-19
51
7
-125
-8
101
51
-3
-90
86
10
65
123
91
9
-56
1
11
0
-103
-110
-124
-25
-115
-91
-81
21
-106
-77
1
5
-46
77
-44
-102
65
124
-110
-114
-88
96
86
-68
-6
-114
71
89
-35
-100
-100
-108
-36
-23
-30
-33
1
38
46
83
91
-34
-58
-78
-85
86
-23
-44
-45
91
40
-17
-30
48
102
-95
-60
-120
-33
-107
-3
119
-73
80
-95
-16
116
55
-121
34
-115
-95
-13
11
106
-36
71
121
-4
65
-93
17
100
72
118
86
-9
-87
-77
86
-61
89
79
-4
75
121
105
-126
86
9
86
101
-4
-7
-108
-22
58
-21
-98
80
-31
127
40
-39
-76
-19
81
-51
-107
18
-2
-87
-68
-102
125
59
7
43
-86
-31
117
69
-23
-77
-79
116
91
-8
-79
-11
-65
-126
1
-115
6
-86
85
73
-64
-29
0
82
-5
-11
116
32
-76
-123
-33
1
34
57
29
-50
-83
90
-32
-91
100
-4
-7
-94
93
85
20
-61
-21
118
-124
66
92
86
-120
31
88
4
69
-25
-68
-22
-121
25
56
-114
29
85
-111
-97
-36
-23
-62
-105
75
-110
29
43
-95
-78
-96
-78
-88
-5
-13
-8
-8
-93
-31
124
-95
-96
-71
-54
-103
-79
-76
46
-83
-81
-99
27
83
-119
-36
-23
43
67
46
86
-73
0
-95
-62
-14
-106
77
7
-74
87
-15
-122
97
105
-120
-109
-66
1
-113
91
-91
1
-101
-74
-35
-43
75
49
-90
15
28
76
-73
-89
-101
64
-110
-20
82
93
78
-100
29
-19
-34
16
57
-55
91
28
-76
-100
-3
-54
104
29
79
-111
83
-85
87
-16
-28
-87
0
36
-18
-122
78
-4
-3
91
69
-23
22
-5
-48
-107
-3
55
-40
92
53
95
86
-13
-49
-107
-3
108
-84
-36
-23
29
-91
-74
-83
-55
-88
-84
74
105
16
11
-84
-107
-4
-122
-33
1
101
21
106
-85
-5
-115
-113
-108
90
-97
74
-21
-122
-78
-123
107
-101
107
8
106
-19
80
80
94
-28
65
-31
-99
84
-4
-9
-77
64
-35
-89
-102
86
-23
126
106
-4
-1
-115
-36
-23
106
-3
-31
-95
-79
-42
-40
-50
-77
72
-54
8
-81
-104
-67
75
47
0
-84
35
-97
29
43
67
-11
57
42
50
117
59
113
86
-20
-25
-99
7
-102
-10
-53
-69
69
-110
97
12
-101
-81
73
3
45
117
-118
38
-11
-56
-107
-3
-118
-118
-97
66
-111
12
-4
-16
0
88
-1
52
-119
-33
1
-117
14
84
-78
79
106
-18
-32
-127
26
-78
-25
79
-37
89
-9
96
-90
-121
-113
-47
-109
-77
75
-108
127
-2
101
-107
75
104
-6
118
79
-97
-98
-13
101
-76
-102
-127
-41
-107
70
-80
2
74
-14
-33
-44
80
34
-104
111
-118
-87
112
8
-1
-22
-23
23
-77
-109
-51
49
-115
-3
76
124
-23
-62
-19
-6
-114
102
-77
-77
-113
11
-97
-39
-111
-68
11
71
74
-109
-28
-77
-100
10
75
-72
21
-44
-105
62
-9
99
-44
-59
-12
-31
58
-59
-108
-6
-73
-123
91
80
-116
87
67
-15
87
73
-4
-118
-61
-89
99
99
-89
-103
-16
-19
-6
-108
89
-70
91
71
83
-17
98
27
-15
115
-119
5
-113
49
-76
-119
-1
-23
-121
-44
-59
-12
-31
58
-59
-108
-6
-73
-123
91
80
-116
87
67
-15
87
73
-4
-118
-46
14
112
-98
11
-2
-102
77
-68
-74
7
-118
-72
-108
-69
-114
-98
-12
45
103
45
-107
-81
62
77
-15
69
-71
-126
-109
-51
49
-115
-3
89
-29
-98
-109
94
-102
-90
118
8
75
118
14
69
-28
-78
2
36
-83
79
2
36
-70
12
43
-49
115
-85
3
120
91
-10
2
-66
121
100
-58
-50
74
78
-113
-104
7
-124
-3
120
-9
-30
-121
-59
-76
-2
90
116
91
-81
123
39
123
100
40
-46
-104
19
-102
-17
103
-119
8
75
118
-39
-106
100
-21
-95
16
-78
-109
-95
-79
0
112
104
112
44
95
34
-65
-13
-107
112
8
-8
102
32
85
-9
30
34
-34
-101
21
67
-15
87
61
-85
-15
-124
-78
-83
-47
-34
75
-8
115
-29
-107
-104
-77
-121
-109
88
90
52
-81
1
-6
17
-6
50
-6
45
-38
58
-121
-59
-115
-82
-41
-47
111
-109
-91
-15
-9
-16
-95
-46
-8
11
-9
74
-45
88
-35
83
-108
-96
19
-20
90
91
-47
11
-122
-83
41
-48
-44
-36
48
37
-2
-118
97
-98
66
1
3
87
70
-109
-15
73
116
-21
91
-83
-72
-18
107
-116
35
122
-107
-73
61
-119
87
-47
11
-19
-19
-117
-33
-121
-41
-80
18
-95
11
-125
94
3
-105
-81
-34
-111
10
-99
-37
86
36
-17
58
-23
1
-94
-108
-89
-18
96
-34
-125
127
39
-22
-76
-42
-35
72
-6
-15
-57
-50
115
-53
-7
-112
-98
46
-23
-10
-77
120
107
-102
90
0
-78
-109
108
-47
11
-78
-119
102
100
-31
124
72
-41
-47
115
-62
88
77
-23
-104
-115
93
70
74
98
61
-101
47
52
-100
-93
119
43
-49
4
-31
79
-14
25
55
-6
-10
-95
-109
29
-95
-118
-18
-92
-20
101
43
2
84
88
74
44
-2
122
122
-91
91
-118
-109
-43
76
-5
113
-46
14
-100
-98
-56
66
-102
2
-80
-83
-104
-99
-37
112
-60
18
-23
-3
82
-23
-11
-87
-47
-92
-67
-10
-124
-39
-107
-27
40
4
4
-69
85
111
123
20
-13
-36
-36
-117
-104
3
81
-24
-25
108
-44
-90
-104
-103
-37
117
-120
113
-124
-3
56
-92
60
-121
-57
31
-10
-105
-109
29
-95
-118
96
8
-17
73
67
63
55
-3
114
-63
-46
14
124
-102
115
103
-100
-47
11
-98
-23
45
-104
-98
-16
-103
106
-47
11
-25
69
-23
0
-76
-126
-103
-53
-86
75
-3
126
5
0
-117
81
55
8
38
-31
13
-68
91
-1
-79
7
87
-102
17
-58
92
34
-107
27
-123
-43
76
-30
14
-71
-77
-112
95
26
99
100
-17
-103
-88
-89
-33
-18
-79
20
110
42
36
-34
21
-70
84
-111
3
79
-48
-69
-100
-121
105
3
31
-72
81
46
-43
76
-91
-2
65
-65
-23
-47
-6
-87
-38
-121
-43
125
-54
-88
68
-95
-86
-93
111
-93
-122
-44
59
-43
34
16
-51
54
11
-2
-61
-3
16
66
55
-100
42
72
87
-33
86
109
-17
-100
42
-16
-1
-111
-32
-79
13
91
-103
-63
-119
-59
112
-33
86
3
-35
-100
42
107
126
23
123
-44
62
12
115
-70
-81
-113
91
-81
-102
-82
-19
-100
42
-104
68
-110
-104
-79
-78
79
-106
49
-26
-35
13
-97
-3
-33
103
116
-5
-55
-21
-102
-21
-101
-6
98
87
-74
69
-22
-9
11
76
27
105
74
37
-83
-29
-48
-49
-19
67
-53
-2
-3
-35
-84
-95
6
-33
-104
89
36
-115
27
-127
91
-12
6
64
88
-96
84
79
63
-33
-37
127
-23
45
13
-13
-9
82
-25
-92
-62
88
-103
-37
102
-88
-17
-106
-116
-46
14
-95
116
91
-84
-100
75
92
-108
-42
101
-112
-95
-105
-86
-120
-55
-49
-19
22
-18
-63
96
88
-98
-25
-103
34
70
-41
-47
114
81
70
-51
-4
124
-106
-91
-33
-45
25
32
120
38
74
-41
-114
-6
16
60
22
-10
80
20
-90
-86
27
37
-75
59
23
19
94
88
-37
-57
-4
-121
-54
-14
126
-26
-122
83
24
55
-6
-89
-34
-76
75
76
35
78
-71
-18
58
-41
5
21
45
-123
-88
-31
-124
-125
-93
-93
86
-27
14
-15
-125
-41
-121
-30
88
73
-67
-99
5
-3
42
51
-12
-20
-115
94
111
-19
-84
-78
-119
-113
-8
71
-93
113
103
-107
-41
12
63
-5
14
10
-81
-5
74
102
-89
5
-50
-109
-13
76
-9
24
102
-110
72
72
-7
-55
33
-124
-35
-104
-104
-77
-121
-109
118
91
8
-11
98
-59
65
-1
103
-25
-5
76
43
-49
118
102
110
42
36
87
-123
-104
-15
49
-115
-3
89
-9
-31
-46
-8
-54
104
-86
-113
-27
2
-125
94
-51
-120
-93
107
87
106
113
-33
95
-55
33
42
42
70
110
44
48
-37
-59
-93
87
-57
33
42
-26
-110
65
91
80
-116
102
69
-1
103
-31
-80
-106
-46
-29
-80
-96
110
-113
-21
88
28
98
-59
65
-1
103
-25
-5
76
-84
111
75
-3
-114
-100
-117
86
29
-91
-33
60
15
-105
65
61
112
86
98
-22
-108
92
-23
100
-99
-105
1
-99
20
-35
7
-82
-120
58
37
-8
81
-22
-107
-104
0
-85
82
57
44
-21
-100
120
-30
-84
-98
-1
-30
-7
16
15
-56
-118
19
29
95
-22
-116
-32
-10
7
-74
31
70
-27
102
-77
-79
88
106
-85
-54
1
-97
89
-107
-113
46
25
56
42
97
-72
83
5
-112
82
52
-17
-76
70
-95
86
-64
88
61
-29
-104
124
104
-15
50
-95
-60
67
63
-106
-110
80
-28
-125
-106
48
93
-29
-7
-105
-116
-103
-91
85
3
-9
-56
-90
90
-121
-24
-124
-91
29
-45
-95
104
-30
115
36
-42
18
68
-95
-42
-95
-60
-82
-41
81
-98
-116
13
-16
127
86
20
59
3
-12
86
-95
82
-13
66
-21
-97
3
91
10
-48
-23
-103
50
-38
-93
81
47
-107
94
-85
-101
-48
-97
108
67
1
-42
-75
37
-112
-104
-94
-89
93
9
-77
74
-63
-57
-42
-106
-109
-63
-104
-116
-68
-95
112
4
4
-104
2
36
-31
-6
83
32
85
88
9
-95
27
-101
-89
-59
-12
-26
-11
-12
-20
-69
83
-116
-95
-36
-36
1
118
-96
-8
-98
-33
1
24
3
14
98
-80
86
-63
-88
-101
-98
24
11
11
69
-23
96
-110
17
92
-100
-94
-106
-101
-9
-115
46
47
-37
46
93
29
-22
-105
-79
5
114
81
-80
4
118
66
-23
119
1
44
59
-57
83
97
-46
17
87
-93
101
-33
-90
93
104
71
12
112
-34
124
-33
1
-119
-94
54
-92
-21
-36
-96
12
41
110
30
54
22
-105
-21
-68
-76
-38
106
1
-55
67
-104
-105
-50
-101
13
-24
-24
114
-3
96
-86
-97
20
-70
111
-118
-92
5
-37
36
-103
25
-120
-12
-112
-90
-27
-107
-41
-113
-87
97
-78
84
-100
-92
-6
-68
-37
-111
-92
-93
-106
-17
35
-104
-115
46
45
-88
80
66
-23
95
-68
-103
-100
-84
-23
55
2
-83
-59
105
58
-109
-22
111
-27
-56
3
110
86
-5
-120
116
86
-15
9
5
-26
123
-93
48
-35
124
-73
52
120
114
-16
69
-107
-109
-57
11
44
-20
-107
-19
-95
-43
-77
-8
-108
-80
-37
-87
-86
37
83
102
96
86
-93
127
-113
-116
26
77
88
-1
-128
87
-62
81
-111
-102
-99
-82
91
-103
79
-105
-78
76
-80
-104
-3
-103
-11
-83
-124
74
-110
114
97
-67
-11
-85
82
-72
-14
-84
-123
-16
-43
18
59
-6
-29
46
96
29
-125
-72
-43
-89
99
86
9
69
-23
-75
-77
6
-4
21
-89
-126
-16
-88
-3
-95
-53
-97
11
61
106
86
-10
-96
-67
-101
29
54
-104
5
-7
101
96
-3
-39
23
10
-94
-108
8
-115
-100
-48
-36
1
-36
-94
106
-76
-113
-94
-14
-110
76
-77
-107
-24
-72
-115
-67
-78
-10
-28
-92
48
-81
-98
-126
13
7
-18
93
84
-86
-25
-95
-44
-96
-71
-89
-117
29
41
109
-88
92
63
-15
-30
92
-85
-109
121
-97
-55
-117
-55
72
96
36
34
-31
36
-49
-55
4
84
-29
-3
1
-5
-8
-98
-44
-62
80
-89
-106
77
89
-48
-30
-95
86
-101
-4
-22
-126
-90
-57
89
-108
-12
-25
-3
-121
30
69
-34
-102
-90
-92
-104
-118
25
-93
62
-95
-83
81
6
-5
75
-19
-94
-19
-95
-43
-90
-56
-108
-21
-111
90
71
6
-5
92
80
-55
-63
15
53
-42
-36
93
86
-98
-11
-35
60
4
-3
-73
-115
-96
102
-97
14
-81
41
-84
-51
-109
-119
9
-25
-55
103
-81
65
114
69
-23
43
-14
93
-98
44
-36
1
121
-10
-83
62
25
29
38
96
33
-122
-27
-18
94
-80
-93
-126
83
-114
-71
105
-98
78
-37
120
-52
-90
86
101
-102
-43
26
70
110
60
-123
101
124
86
-17
-91
-117
-92
-124
-24
107
-106
-24
82
-93
-57
-3
86
63
13
-104
-83
83
73
-106
-71
-8
69
-23
22
65
62
98
-74
-110
-38
74
6
-10
21
-34
-5
-104
97
86
-8
84
-24
53
5
105
-1
-25
11
0
-19
76
53
8
35
-13
6
-95
-61
-88
-34
-95
-50
-86
-8
-117
-75
105
-85
74
-89
106
-29
45
103
111
-92
-91
69
3
-15
-61
-88
-109
118
-40
-113
-103
60
25
1
60
-97
29
-118
-35
-128
-76
69
-15
-11
-109
-36
1
-78
82
62
-33
1
-51
77
25
-29
15
-95
-29
-21
0
103
68
10
5
112
46
61
24
-107
-31
114
-117
29
43
-109
108
86
28
-39
46
120
68
42
62
127
-54
-93
-31
-99
-92
75
-115
86
-75
-33
53
-42
127
20
36
-28
95
1
-115
46
-19
-29
-91
74
-108
-120
15
-98
-1
-90
-125
-104
96
30
84
-15
-10
-115
-101
19
-25
-32
-67
-111
46
45
-116
-100
29
-31
84
-101
1
62
-76
33
77
-14
21
-36
1
31
80
17
-38
-30
-31
-100
-37
107
21
-9
-94
-77
-71
-113
-7
-77
-13
-93
66
18
-88
5
39
-95
-71
-123
-84
-66
-23
40
-40
-88
-89
-103
88
93
29
25
-100
-119
121
115
-67
21
-24
-113
-124
-112
64
79
36
24
35
-24
79
-30
86
45
72
85
-93
-98
60
38
-104
-28
-33
21
-91
-76
-13
-118
-99
-29
112
-53
118
-57
-3
47
-102
44
44
35
-85
-38
-40
80
82
-19
73
-104
14
22
124
39
-36
-112
101
-97
33
-31
-30
-28
-33
-108
112
-91
1
-36
116
-77
-114
92
17
-19
-93
-88
7
28
80
-98
60
-109
83
-122
-44
-109
-118
122
111
-101
-1
-29
-101
106
-3
-41
-59
-95
-28
-33
-41
-3
23
-28
19
-16
-12
-89
-3
64
-68
63
64
-88
122
95
-3
-6
-110
-90
-111
-97
75
-76
13
44
44
84
36
15
23
-28
67
102
-10
82
-5
-97
-23
-87
-28
90
110
-20
-80
-8
-116
-48
-28
-33
121
-97
84
89
123
-57
-3
-68
-79
118
115
-1
-125
-111
60
-121
41
103
-106
-4
-81
87
-30
-54
4
-56
-113
-57
-3
-78
4
-76
-120
115
-101
-100
-82
-123
105
68
2
13
-64
87
102
95
-3
66
54
114
41
-112
-23
104
102
19
102
21
-15
36
-28
-50
80
68
-30
-59
-125
95
-6
18
60
-30
-45
-47
-102
-57
-39
20
75
43
112
71
31
-6
-80
64
-89
-3
-43
-115
86
34
-123
-70
-70
70
3
-105
-99
-119
-20
-63
-61
-28
8
88
-100
-27
-59
-86
64
28
-15
75
58
31
-15
-57
98
-77
115
9
-8
-5
-6
-110
-17
90
-4
87
-88
-27
89
-74
-100
-79
-35
89
100
-96
15
-81
117
-112
3
-75
-43
-117
-92
-17
-45
63
-9
-103
-107
115
-91
-3
104
17
97
36
-28
107
13
1
-57
60
-73
-121
-28
-33
117
-93
-115
-94
-74
-8
93
-122
-115
-84
-93
74
-115
-77
-113
-84
-26
87
111
-31
-19
-49
19
81
60
49
-95
8
-105
-103
-76
-77
54
-115
111
-28
-94
57
44
93
-66
98
-83
88
-15
-7
-21
49
1
-64
-30
-45
-109
36
-28
114
-102
67
-107
-8
-98
-94
25
-37
26
70
-79
107
-107
115
-12
-69
103
-89
-111
-78
-28
126
85
-79
-85
-82
31
-40
-16
-84
-8
-105
-32
54
-94
-89
-28
12
-88
86
92
-95
-1
52
-31
35
-79
-114
57
36
-68
-47
86
-70
1
63
-20
66
-81
-14
-50
78
11
-29
-90
89
-111
72
-57
-3
123
-28
-33
-84
-99
-103
-94
11
-121
-21
78
102
69
11
-31
-103
-83
-98
-27
77
94
75
-100
-66
58
-82
-112
62
-105
-27
-71
93
35
-121
115
25
-54
83
-107
54
11
-16
106
-122
81
76
95
123
-85
18
123
-92
4
116
-48
2
88
93
-86
-18
-87
-11
-119
-57
-3
-57
-76
-20
-89
-3
107
74
-46
-117
93
-91
88
-15
63
-91
-106
-28
-33
116
-110
-44
-27
-90
-88
4
-104
64
12
-118
97
-88
-92
-79
-96
24
112
-97
81
13
-49
-57
33
-84
-8
-105
-27
-50
-118
-99
-36
-107
77
-74
-26
96
31
-107
-30
86
109
-122
124
60
90
74
-30
-54
-33
-109
-110
-121
-113
115
36
-105
25
31
120
-103
-17
-80
-17
-82
109
75
-83
-93
35
-109
-1
-128
-106
-103
-75
-110
1
-44
-111
32
-68
-78
-25
51
90
6
122
-76
75
81
60
36
73
-66
-103
-19
-94
54
-71
72
83
122
115
-5
-6
-35
-103
-115
60
40
-104
-28
-33
17
82
-124
-120
-57
-3
-123
-94
76
-119
20
-117
115
-86
81
-39
-115
-65
-25
-106
84
109
21
-11
65
-4
97
-7
-115
-83
-109
-27
122
-23
-99
34
77
92
57
44
46
-5
24
-104
-117
-75
24
-115
60
59
-79
-91
105
-78
85
118
115
-78
-100
-94
0
125
69
-20
79
89
32
-102
-40
-16
78
-37
-67
-60
72
-72
6
69
79
-22
-93
-1
-87
98
82
124
2
-2
-86
-14
-30
-98
-57
-55
93
-31
26
57
40
-90
-15
99
-27
-81
113
-117
60
-11
-105
-16
-97
-90
-105
-81
-109
-110
11
-118
-1
-28
-23
95
-111
7
92
104
-123
-63
59
-73
95
40
6
-99
-123
3
-98
102
65
-39
63
2
-119
89
64
-89
-3
-13
-43
76
-42
39
30
-103
115
36
-108
76
-41
-47
-62
-79
1
-28
-89
-3
-98
-41
-47
106
-101
112
21
45
-61
-24
-101
47
22
-11
103
4
-24
-88
-98
24
-107
115
-3
-18
-104
86
-1
64
-41
-47
98
-1
-16
103
-107
115
-94
93
-30
80
76
-101
69
55
-6
75
44
70
-39
-101
-7
95
-80
21
-14
99
-16
-6
-25
-96
75
31
55
-6
45
-34
-29
-89
-3
119
-107
-115
81
84
-41
-47
-16
-98
-111
8
70
-108
59
75
-24
57
-48
-121
122
63
-96
-47
11
-25
-127
115
-29
-21
-101
37
92
-87
57
-102
-98
40
-101
115
-1
-93
-121
-37
-54
72
-3
-79
76
-44
-115
42
-50
-95
87
86
41
-1
-87
98
127
-47
11
46
-84
3
-87
-67
106
92
-28
-33
123
13
124
-100
-107
-20
-43
20
46
110
126
57
-93
-5
29
68
91
50
-29
-123
-41
-84
-36
-123
11
0
-64
73
-2
-113
-78
-97
-30
-100
-88
-124
75
-116
-109
104
-95
85
39
54
-93
7
57
89
-24
-2
-97
13
-106
-102
-27
118
115
35
34
126
36
-102
67
-115
86
109
18
34
49
-78
0
79
-46
96
25
27
70
-99
81
57
-101
47
-24
-106
109
81
-4
-20
-44
103
-66
67
-41
-16
87
113
-24
-14
-120
-102
-10
36
-18
-114
92
9
-30
82
-58
82
-6
-4
-16
-41
-90
11
77
-106
-3
-35
-112
122
95
10
-82
98
72
-6
77
-106
27
-123
-57
-3
-99
-10
-21
123
42
-6
0
73
59
-19
-103
64
-96
77
121
-105
-107
-50
-26
-98
-103
117
-70
-94
83
-61
-28
92
-73
-99
-17
-115
86
-92
-115
-47
11
112
-101
-41
68
61
-87
-99
-53
-107
-90
-108
-118
-86
-113
-90
-114
95
95
-84
111
102
2
-95
87
-30
-45
-101
95
-26
-71
87
29
-99
-112
35
-80
84
-15
-58
-10
-11
-109
-117
-91
17
69
-88
95
-86
-93
72
-51
-90
76
-125
-29
119
92
90
2
-93
-38
104
82
-18
99
89
83
79
-86
-98
-66
74
-88
-26
-15
-85
-53
-81
106
79
55
-6
45
103
-106
59
11
-79
67
-30
-72
-73
-27
-89
113
-85
84
-41
-47
31
-66
102
105
-8
101
-89
81
-52
101
-10
-89
42
-89
-128
1
-86
89
33
-99
-97
92
-27
-42
1
86
-29
-112
-57
-3
-125
-103
-29
87
101
-98
-85
-104
21
-103
-108
-73
79
126
-110
-16
-85
-127
106
26
-105
125
106
-14
-46
-30
97
20
-21
-121
-62
-99
-110
-120
-126
20
-28
87
-41
-47
110
-117
-26
75
25
-6
-116
-40
-57
-3
-48
-86
-10
-101
47
-8
-59
93
-24
-95
67
-44
-97
-2
11
-84
-103
-117
16
8
-10
-30
45
79
-87
55
-90
4
79
11
-112
-84
-79
48
-116
106
-94
95
29
-88
-94
10
-110
2
-121
-32
-104
-126
-104
-89
-79
-88
-118
-123
-27
-31
-100
-92
-82
23
-111
-9
-94
122
90
-91
-18
61
-118
39
83
22
-15
3
91
58
-93
-7
-56
-18
-105
103
-95
-75
-74
77
20
-115
-84
-3
1
-26
-38
-26
70
114
30
-80
-41
-123
-82
-90
35
65
-6
-41
-124
77
94
-31
-78
-125
22
-88
122
-47
11
-59
83
-52
-110
15
-96
-92
73
-16
94
-57
-3
58
-97
-111
-42
-81
3
90
-115
-106
32
95
-95
13
-122
-97
-2
-37
-112
-99
-105
-92
107
-47
11
-51
-92
77
-110
74
93
-118
127
-82
75
-76
-91
-79
-119
35
-25
-6
-27
-48
103
-42
15
65
75
-44
-108
46
-84
3
-87
-67
106
92
-57
-3
-107
-103
-104
76
-98
96
-26
1
-66
21
-12
112
105
103
31
-13
5
106
-18
86
99
0
122
-47
11
43
58
-111
-4
84
3
-89
26
-75
23
76
-18
36
37
-94
-10
87
86
41
-1
-87
98
63
-69
-114
76
-59
-53
-31
-1
119
27
104
79
-22
1
-89
-3
40
-82
88
40
-103
-84
69
-99
10
-82
-115
79
99
-76
87
-110
-124
-29
-85
97
-99
90
37
27
-12
95
-55
-72
78
31
-16
-93
-9
-3
-22
-16
-15
108
123
14
-97
94
96
1
-117
115
40
-95
89
-86
80
-112
-42
-109
102
-32
-9
111
53
83
74
-110
106
20
-16
34
-107
77
83
96
-105
46
-84
3
-52
67
-85
-113
9
106
0
103
-93
103
114
24
-75
3
-109
-42
15
-107
-103
-104
-125
-2
-91
-1
-78
73
-17
-27
-71
68
23
-112
96
-92
-77
-104
-5
123
21
-17
-19
77
104
-97
-107
-102
77
-23
77
65
85
-79
-20
98
17
-11
90
-62
118
75
94
46
-112
1
-113
28
-83
37
66
-12
1
108
-91
41
86
-27
98
55
-11
-52
-123
40
99
3
-59
23
92
-55
-11
87
-23
77
11
-31
5
-15
96
69
2
14
-117
96
-65
-57
-117
-104
75
108
-11
-67
119
33
-83
-80
96
-64
-20
55
74
-110
-75
-99
-120
-93
75
57
44
-50
-46
77
24
30
-90
-105
-108
-76
126
-70
-111
-97
-93
-93
85
62
-2
5
79
-22
-12
-91
-18
-16
-55
-20
-85
42
-11
-52
-1
-87
98
6
-58
-101
-6
94
112
-26
-3
-110
89
-97
-22
-77
-11
-36
-42
-94
-8
91
-86
89
-63
-97
-85
-112
-57
-108
-87
67
-97
-98
-13
-107
-18
36
53
10
112
97
-88
-107
31
-75
105
53
85
96
-98
-87
69
85
-30
86
-15
116
25
-115
10
-57
-76
87
86
103
-30
86
-15
29
-121
-18
36
69
-78
24
82
-110
-99
87
50
27
-12
98
-95
-123
122
-18
36
75
-98
-54
24
44
44
75
124
-52
65
23
30
98
115
108
-42
-75
-22
-110
91
-99
21
75
99
-118
-67
39
-23
-120
112
49
-94
-8
2
-117
10
5
80
99
-52
12
82
72
-88
-105
-77
17
7
-41
100
-103
108
-102
19
-20
98
12
97
-80
-95
-39
-100
-5
79
5
-78
-27
-94
-106
104
-100
46
86
109
83
-29
78
92
49
-57
-39
22
-9
-107
-42
-109
58
-101
-101
126
51
-96
92
71
-33
-66
30
95
13
31
-11
23
-42
-99
-116
-2
-91
-27
-57
-101
-114
96
15
61
-11
91
-15
-107
-119
50
27
-12
-95
-23
92
103
-81
-111
-100
-58
-30
84
102
-20
-8
-102
-15
45
105
1
56
-117
0
88
81
-100
-68
82
-24
-105
-40
-121
-26
-37
95
-121
23
-24
5
90
-57
-37
80
-90
-13
82
-93
-41
-6
96
82
-96
64
84
6
107
-1
-87
36
93
68
72
-116
-46
14
-99
80
-85
-10
-68
69
-82
78
79
-33
48
6
-27
127
10
13
-91
-52
-36
1
-113
-96
-115
1
67
88
109
86
-6
66
-36
-30
67
36
-42
-99
97
-80
-88
20
75
23
-28
3
-114
62
-78
85
-116
46
54
-113
-23
-115
-59
16
-93
108
66
-92
-45
92
100
-19
19
0
14
48
3
-22
127
86
-23
-90
-124
95
-27
-30
5
-108
55
92
107
99
3
-28
-50
-10
-25
106
92
-48
-92
-69
-29
102
87
-107
-89
45
127
-65
-95
-99
6
-106
-73
113
106
-3
72
30
-99
-104
-57
-30
-55
-36
-68
-78
2
-31
-100
-8
-98
86
-101
-19
-118
16
93
97
14
-21
60
-33
93
19
-21
113
86
24
-77
14
92
81
-89
-105
-123
21
87
-115
-4
-106
-91
101
-32
32
-33
-61
-28
3
91
-31
-61
-106
-39
74
99
23
92
-85
-103
-80
9
-102
-3
21
-42
-109
102
60
95
123
97
73
-88
83
-81
-14
101
112
85
-76
-2
-91
16
-100
-10
-67
95
99
-87
-28
-33
-20
-111
-86
14
-94
-83
105
-2
-91
40
10
-71
15
-28
-33
127
67
92
28
-41
85
-98
-123
96
-110
91
102
-123
24
-105
48
-111
124
8
4
29
-46
14
120
-43
76
10
-73
60
-49
-46
85
-20
-36
-37
-77
-52
66
86
78
-41
-47
-52
-93
96
100
3
115
-101
72
-6
-26
65
-77
-86
-31
-90
-120
35
19
65
-88
-82
73
-39
-109
71
88
-58
-42
-107
4
-86
-37
86
-30
-1
111
100
-5
52
42
-94
80
-98
-82
-77
-59
-115
-43
76
19
-28
-121
-54
80
-110
77
106
82
-118
77
9
106
-101
-13
-48
118
88
-12
118
-116
-92
-78
6
-109
-13
-87
-46
112
-108
-127
92
-17
-101
-7
35
-120
52
-112
46
-118
86
0
-88
83
42
4
85
90
-46
-92
8
85
87
80
-121
31
88
-120
-39
-84
-126
-96
29
-21
59
-77
-53
-20
-7
-79
19
13
-2
-49
74
-88
-18
35
113
-47
-32
-83
-58
-62
-41
-121
86
-21
73
-90
-37
-59
80
-63
-83
-15
40
-123
42
-50
127
-88
83
42
4
85
90
-46
-92
8
85
87
80
-69
61
25
-12
-82
12
-104
7
106
-81
32
-102
-11
-23
11
-11
-105
82
-4
-116
-66
-45
109
103
68
-21
69
1
5
-42
-83
91
-92
-92
44
-91
-120
-16
103
35
23
-86
-109
90
-112
-60
-48
112
-89
96
-12
-58
-128
-108
-98
65
-77
-7
-11
44
-95
-76
-78
87
-111
99
19
-121
32
-85
100
112
-72
-25
-32
89
-110
88
111
-16
57
78
93
-123
-11
94
-82
25
63
-101
-77
-85
-54
-5
-98
18
10
80
-96
-98
-93
81
-80
-122
8
-96
103
54
-38
84
112
82
-38
-108
97
-91
-14
97
-49
-5
-3
-96
125
-110
-77
-86
16
107
90
-80
68
-3
-74
-11
79
-102
-27
-88
93
-94
-112
-30
-94
21
-104
90
-93
23
-110
-77
-85
-20
16
-14
102
18
12
37
78
-62
-111
76
-82
25
-71
36
27
70
92
-108
-115
-81
-82
56
-14
96
-27
-48
87
6
45
117
-120
67
74
44
105
-115
-122
28
81
-17
-110
-13
81
24
-86
-43
127
-106
-17
-102
-90
13
-107
-88
18
-105
19
-88
-79
45
104
86
-81
18
106
109
54
-77
-103
102
69
-23
22
-32
-10
-107
70
-104
-45
85
-111
-89
-74
-127
80
-88
15
16
-87
-112
-25
11
-29
110
-117
-92
69
77
6
-91
72
-117
29
90
-22
86
-94
115
8
-88
-9
26
86
-23
117
-85
-79
-8
106
-87
82
-82
-84
77
-89
-35
-27
5
3
-84
-106
11
-12
-9
69
-105
97
-41
37
-62
-84
-115
-4
-91
97
11
30
9
-114
-29
-6
-79
101
12
-91
85
0
-104
-95
-108
-117
-25
-115
-96
-28
75
-55
3
-116
-100
-54
125
-110
-26
-107
-125
77
-64
84
124
-79
-79
-7
106
-93
1
61
-23
98
-13
-52
65
-89
-78
-103
7
69
-23
53
-86
97
77
-22
3
77
-110
87
-65
108
-96
72
-112
-8
-83
-117
29
60
-85
-109
-100
-57
113
86
-77
82
-6
18
6
74
14
98
-80
86
-28
77
65
-95
75
-127
-6
-90
30
51
71
-88
35
5
-18
74
-113
28
-85
-55
-84
101
-25
79
125
84
-93
69
66
-108
96
-57
-85
91
-89
-101
-109
-90
92
82
18
53
85
-49
-100
-34
-64
-112
-76
-95
125
-29
77
-114
-107
67
3
75
-112
-78
113
-109
-106
-84
-6
12
-100
27
-111
-92
-92
-1
52
-32
13
-124
5
31
66
-8
-48
-26
87
-98
-58
84
99
86
-10
-102
-107
17
3
8
-82
76
47
-57
50
-82
101
10
-109
-107
67
6
-13
60
-115
-84
-24
-119
-70
-78
-10
-74
-3
101
121
-96
-39
-93
-109
-33
1
124
-10
98
-102
-108
-16
84
3
-28
-106
-14
-107
-101
18
-73
-20
-112
118
-87
29
-111
-107
-21
-19
-109
7
84
105
-121
-51
-4
-101
-27
-97
95
-117
-87
-93
-17
-91
69
8
20
-115
-100
-25
-27
14
-103
5
-30
-96
3
48
57
-113
80
-34
106
-126
-67
-108
-18
104
6
-57
75
-6
-98
-70
-96
-117
29
-22
-111
-121
1
-21
100
-96
-38
-85
-53
-105
-33
1
-39
-113
-76
75
-80
86
-91
-80
-99
-95
-112
112
21
-10
18
105
75
-9
-1
8
14
98
24
-73
92
-8
-95
-47
113
55
-6
45
-20
-94
125
-36
1
-49
-111
-14
-83
56
72
66
-23
-29
-84
105
43
-107
-105
86
-23
82
-107
-5
-89
-119
13
89
105
-38
-75
-47
-109
81
-7
77
-85
73
-104
-109
-125
17
-66
20
118
-107
-36
1
107
-6
-95
-58
-101
79
112
91
83
-115
-57
11
123
-102
112
-27
-67
69
-23
102
-107
3
-98
-81
-44
84
-12
127
-48
-94
-115
-93
-24
-5
-15
-70
86
-91
-19
-102
-11
-20
127
95
84
55
95
-86
79
87
84
-48
-33
16
5
-12
22
-35
73
-15
-15
1
-18
87
3
1
-70
91
-86
-95
65
69
66
58
-115
-43
-94
-7
69
-22
-61
-7
-26
-80
5
-115
-78
-93
44
-110
-112
60
59
16
-5
105
83
-112
-33
1
-37
104
-6
-4
-115
86
38
-128
-107
-23
-98
-86
-73
-27
-116
-76
-38
101
11
4
14
-90
25
-95
-74
-34
-69
-73
-125
76
-44
114
-34
11
7
105
-98
-50
-90
86
-100
66
-102
-23
94
116
-91
12
-117
93
-116
-36
1
-106
-93
-8
113
37
-93
-106
-68
64
-43
-57
26
5
-12
-58
-107
84
-38
-115
-19
-113
93
-59
-125
81
-12
-82
-86
-126
2
13
19
-94
41
-97
72
74
-28
93
-115
60
47
-78
33
104
-41
-124
106
-77
45
27
-12
26
80
-80
-99
85
-111
35
16
3
53
-18
-120
35
75
-103
6
83
-111
-116
46
-26
-101
-78
-46
14
-53
-105
-50
5
11
-102
75
2
72
-101
-6
87
-99
14
26
3
23
-42
110
-82
-96
-66
-6
-34
-3
101
-107
-69
-109
86
-20
68
-23
-15
7
-95
116
-24
107
-106
-77
-91
-57
11
127
-98
70
-112
99
-117
35
-123
74
-104
-94
-103
81
-49
-31
-97
77
-52
-83
-90
68
57
44
54
108
-93
41
-19
48
-127
-100
6
46
-88
-79
-50
98
-23
-97
-112
-57
11
-126
-90
101
43
-49
-87
1
32
11
21
80
-29
-21
-53
-49
88
-121
-86
-67
-12
-38
81
-124
115
-17
-48
-57
11
-109
-87
-12
-115
-46
14
-61
-45
-86
-80
21
-4
-87
-6
66
-115
46
122
-6
39
-120
115
-17
-120
-92
1
62
-73
10
77
126
-55
-86
-83
-74
-24
10
-10
29
100
14
104
126
31
-27
-48
-10
-21
-81
-93
-27
121
-95
99
85
-83
-99
-99
-86
-3
-28
-89
-3
40
-12
29
-96
100
-115
-128
-22
85
-94
-104
-71
-102
-41
95
114
59
49
-74
-28
38
122
79
78
121
15
-105
100
-86
-112
-125
46
24
-108
-112
67
-121
115
-91
-15
-104
-94
-119
55
-70
-10
110
46
-47
110
-28
102
-30
86
106
-8
-95
32
-93
82
-102
-67
56
59
93
84
23
-88
-93
-105
-110
-93
-16
106
-92
-78
-9
116
-67
-17
101
6
-57
-73
93
-27
-128
-4
90
123
35
91
95
-27
-39
-117
-123
51
-27
-91
-9
96
-27
-111
-121
32
82
56
-98
46
-39
-84
-80
-26
-12
-91
-28
-29
-92
-5
-22
90
100
115
108
-42
-103
75
-65
-114
10
-61
-96
70
-29
-9
70
53
-57
-70
-71
-8
-107
5
-62
98
-127
-8
-77
-64
-18
125
-93
-100
73
-90
-2
-91
10
101
-102
-28
-91
85
56
6
108
53
-28
113
16
99
-2
-91
-2
4
-99
-88
-124
-2
-91
-2
-63
-106
-104
92
39
71
-9
-99
88
-85
71
68
36
-57
122
-18
36
43
-24
82
-90
-45
36
-23
73
97
124
88
-116
35
4
-66
87
50
27
-12
38
75
-47
107
-22
-41
-57
-2
19
5
53
124
74
-116
26
61
-23
77
75
23
-47
111
-65
23
-28
107
-75
-43
-111
-81
3
-40
92
-102
15
123
-77
-93
0
-100
46
86
29
4
-116
-57
-3
-36
108
-27
89
-23
77
45
22
35
-31
-107
85
-113
-108
19
-53
82
89
95
-98
-97
-100
46
-41
-38
-108
-26
-98
-106
-113
36
-28
124
-72
-95
-25
-42
-109
21
46
20
34
-115
86
27
68
-100
46
-56
19
-126
-72
-31
86
-127
-85
5
-14
-24
-70
16
-3
-96
-88
16
93
5
-80
-75
-73
39
-115
-113
89
34
-114
-115
81
-9
-119
-73
-9
-115
86
-28
20
-95
-29
45
-103
115
119
46
-4
-76
44
-115
86
-18
27
127
-41
-107
-25
-76
-80
-80
80
11
31
-115
17
-66
20
-83
125
81
-101
-97
3
25
81
-6
76
84
100
40
-117
61
-115
92
-27
7
87
-29
45
105
71
-83
81
60
-41
-27
13
-128
-118
22
53
85
-74
92
31
23
71
-90
81
-11
-73
81
-14
-113
110
18
98
95
9
86
-123
94
110
-57
11
-47
11
108
8
-105
82
-116
60
35
-109
0
-32
-58
-125
-1
61
-101
91
-121
-54
-101
-104
47
96
127
-44
82
-23
45
-26
-99
15
19
124
46
124
-121
-45
-24
-18
76
-38
-77
-116
64
-49
33
-8
97
36
-27
-48
5
-111
7
-86
-62
-102
-86
93
-21
-6
-17
-93
-67
-112
21
45
-116
-77
70
-107
-114
-102
81
81
-28
118
88
-118
69
-88
118
-76
13
82
26
123
21
45
-21
-32
116
53
-28
-106
-103
-27
-87
-18
95
44
44
48
-97
-109
-110
-77
-109
-6
66
-57
-63
-21
-78
-94
3
90
3
74
-114
27
-106
-21
-51
-57
-46
-79
105
-88
-39
-83
-76
66
87
31
-15
65
74
105
50
-63
-104
-2
-112
65
-57
11
-47
9
-13
-91
-115
86
-84
-50
-90
103
-93
-28
109
-72
17
-20
100
-30
76
36
-42
-30
-111
-99
-106
-19
0
-18
-16
-82
-57
6
-95
100
-1
-103
-104
20
68
-29
75
127
63
-52
-91
-55
-71
29
-118
86
-79
-115
46
-20
-5
-95
85
3
-5
74
-122
-122
47
-97
-56
127
-59
-124
86
-14
53
61
-29
5
109
62
67
57
-23
-31
76
56
-23
-123
-84
-46
-79
-27
-113
-74
82
39
84
56
-76
-67
-80
17
-11
-97
-14
-15
-59
-11
19
60
-101
-127
87
82
-71
121
-111
-46
127
86
-70
81
-123
-33
1
60
-95
-28
-117
-31
-13
127
-59
93
3
-20
-30
-61
-85
-59
-110
-83
7
-79
-14
-43
-103
91
81
-91
-93
-125
73
68
-88
-69
21
35
-47
72
126
112
1
-108
-20
-120
64
-23
35
-101
-121
96
127
46
85
-111
-75
-110
-33
1
93
-3
-9
-91
-103
-92
-105
86
32
93
-13
-90
12
89
89
73
-112
-94
-99
-36
50
-78
125
-50
-103
-106
-84
-22
123
-25
40
-18
-79
57
-99
74
-101
-111
-1
81
-88
-36
-102
73
-91
-20
-77
3
-42
-90
104
-26
-97
59
-112
-90
75
65
-102
-75
-85
82
91
81
-28
86
71
29
-108
-91
106
30
66
60
122
-87
110
46
-123
-42
113
-2
-91
19
-95
-115
-33
-96
-22
89
-54
29
-91
-3
-107
-27
-22
85
17
79
-14
85
34
-106
-7
-7
-57
11
-6
-98
-44
-75
-125
-91
112
-80
-57
11
-61
-45
95
-53
-127
17
-43
66
58
-100
46
86
-2
-1
37
-54
-57
-57
-102
-54
64
-50
-4
70
20
-93
-36
1
-59
-71
-83
-82
64
-30
63
-55
53
81
-125
-98
-37
-33
-77
79
43
-76
70
-125
-26
-7
-97
-93
101
-75
30
-64
-30
-7
-12
64
41
-76
122
115
-7
-83
-22
-20
-36
-67
12
94
-86
18
13
-11
117
-30
86
-6
19
-90
-15
-37
34
117
11
-109
126
25
66
60
0
-51
-87
-8
69
-8
-76
-27
-47
80
37
-105
112
70
-117
112
-1
42
-41
-121
-23
75
124
-109
2
-8
115
49
12
-6
87
-14
16
-49
-125
-88
5
-80
86
27
-31
-87
-25
-24
122
86
21
-71
8
33
-21
-90
-56
-4
-71
-56
6
109
-61
-27
-105
-23
-8
127
63
-55
75
-122
-75
96
18
-77
-63
-50
-95
86
36
-98
-33
87
21
-5
-6
-39
-7
23
-40
-16
-17
-95
65
-43
-104
-37
-116
-93
125
-5
-91
-76
-109
-95
-93
87
40
-90
79
114
-97
-101
-24
-6
-80
-58
-123
-89
-94
-46
-54
-116
64
121
40
42
10
-36
1
117
-59
-28
30
93
101
102
-1
-95
-41
-82
75
-74
-100
-35
-93
-123
-124
1
84
0
-105
-23
-40
127
-38
-53
-108
88
127
-76
-96
11
-112
-102
74
22
-100
-103
105
124
-98
3
-98
56
58
123
-8
-67
89
57
-109
-38
-76
68
-107
53
-110
-77
-128
66
-122
-7
-2
-12
-31
65
-77
-81
-6
-87
-125
-82
101
116
-106
-114
105
-10
-99
-117
-100
92
8
-87
-2
-85
-32
32
-23
-44
-86
-1
-115
-124
-23
109
-49
-35
8
-38
-55
-95
52
125
-95
100
21
-99
67
63
-97
-114
-113
45
66
46
42
-28
17
86
-8
100
72
56
46
61
-15
120
80
-80
-116
-97
-21
-28
17
-65
71
-45
1
-61
75
-18
-87
85
46
61
45
36
-28
17
-56
-94
-97
34
-126
-9
79
59
-37
-112
-28
17
-43
-77
-66
-100
-45
-51
-61
75
-18
-91
-96
115
30
122
108
105
-35
93
120
-91
-126
-18
105
46
61
-7
-107
11
111
46
61
5
-18
87
92
92
42
-84
-95
-9
36
30
122
108
-126
-85
-47
-104
-21
-23
-17
32
-96
82
-99
29
-80
29
-104
-119
29
-80
-86
66
-114
-88
-93
95
-11
-28
17
-56
-112
-97
-11
-112
91
114
-87
90
46
61
45
-25
-105
-68
-102
-116
74
-120
-7
-17
-100
107
-61
75
-18
67
-100
12
30
45
58
125
64
46
61
-10
-118
6
-29
-79
54
95
106
19
-61
75
-18
106
-77
-116
-28
-113
30
122
108
78
29
-80
-76
4
-24
-60
-107
30
122
108
124
-86
98
-95
25
-106
56
-53
18
-93
-61
75
-18
112
-80
-21
2
-94
29
-80
-91
-19
-69
5
-122
-86
-31
-54
85
87
109
-94
-24
-108
-105
-127
-27
-28
17
-48
-125
-111
-47
24
-54
73
-111
-71
-14
-28
17
-45
-112
-31
67
27
-123
-21
-116
43
7
5
-128
87
80
-117
1
-86
1
7
-26
118
-97
-93
84
89
46
61
-26
20
85
125
-115
-12
-69
118
29
-80
36
-21
30
122
108
-124
-24
-117
81
-77
-95
-81
-120
12
30
56
-57
-4
20
-123
6
-100
103
-4
5
8
114
29
-80
20
12
86
103
-103
12
30
-34
12
79
-7
-28
17
-65
-108
-93
105
46
61
-21
121
0
91
-96
74
59
-1
62
-61
75
-18
53
91
-100
-17
-9
127
-109
-86
80
88
-128
-31
87
-113
46
61
75
89
-42
-83
115
106
-79
-85
71
46
61
75
-116
-102
-98
-99
88
46
61
75
89
-110
91
-67
74
-105
-102
30
122
108
-114
-22
-85
-22
-12
-28
17
86
-26
-77
-128
-90
-17
-97
-12
-96
-61
75
-18
-29
77
79
-9
-90
-17
-97
95
81
46
-5
-16
87
-12
-105
112
23
-15
26
-36
50
83
-21
-122
84
-86
32
70
91
12
-117
79
-28
-114
-81
-45
-43
-111
81
92
-93
-101
-97
31
-95
115
19
-16
-95
12
56
-100
27
108
20
36
-25
110
112
-86
-87
45
-94
-60
12
91
-92
-105
20
25
82
-101
101
89
-81
-73
-89
-115
9
-106
-92
-10
-121
-9
-77
62
-29
-85
47
-98
-79
-88
-82
-3
-84
-93
-71
18
-96
-68
82
14
-92
105
-72
76
115
-75
64
13
4
-75
-108
-66
10
-110
-114
-119
93
-125
109
86
-95
9
77
-40
113
108
91
6
-11
-125
119
36
-96
-41
62
88
126
-95
-99
-58
-102
93
-125
-104
81
72
-94
66
6
-32
70
79
-87
6
-5
-87
-104
10
2
49
-95
-104
70
86
-95
-111
-86
-37
20
-84
-79
77
104
-37
-84
-86
21
-105
-100
-95
-77
40
-108
-107
-23
-84
67
100
6
98
-6
-3
-76
-78
-73
-101
-108
-50
126
24
-22
62
74
-97
-19
47
-30
-121
-102
71
-114
-93
-93
104
-46
-42
-113
-85
-76
52
89
-85
-100
81
72
-94
66
6
-32
70
79
-87
6
36
-25
110
-95
-91
-2
-31
-27
0
93
98
-113
-74
-22
103
20
24
-8
88
-76
78
-86
-94
-112
-56
85
91
-82
55
-96
121
-115
-90
-113
103
-75
-99
-106
-111
-2
-12
67
8
-89
79
92
9
-87
-14
-102
36
-48
-106
-41
90
-20
-88
102
84
-102
-21
63
92
11
-10
-111
81
-94
-110
34
106
59
32
-47
101
-88
-62
16
28
-21
-93
-126
5
-87
73
-11
92
-99
118
4
-27
14
62
115
-76
87
