61
-97
115
-124
-113
12
59
127
63
-12
-39
-99
-78
-50
-42
-25
21
121
-17
-95
44
33
-24
-16
-43
85
-116
64
-79
-123
-8
52
-61
-34
50
65
-29
61
11
-50
79
-88
117
-63
-101
-48
-95
-72
-78
-98
-119
31
87
13
-30
-26
-65
-66
113
-21
-113
-73
113
8
80
113
-21
-61
58
-104
70
-18
12
-115
95
90
40
-122
28
-8
113
-33
-110
-105
27
-34
-110
50
-7
-80
66
-124
-98
-14
-23
111
-54
-112
-63
-30
21
120
-79
125
-75
24
-51
-127
-124
22
-10
52
24
-117
68
-79
-76
114
-33
-31
-71
-64
-90
-76
127
51
-115
75
-25
10
65
61
-72
-75
-3
-87
-83
-83
62
120
98
19
-105
2
88
48
12
35
-115
20
127
-32
-86
-4
-20
89
103
-52
-50
100
84
-18
62
-28
-32
-39
-121
-125
-20
99
63
25
22
-8
-108
-126
-18
116
94
43
-20
-110
117
-125
-23
-3
-62
36
51
-56
-38
37
29
16
24
116
15
36
6
-111
-101
-37
-17
-113
78
37
-28
95
-35
-110
-99
-32
-28
58
-7
76
19
105
66
24
62
-123
-20
-39
114
-36
69
71
-4
-38
-47
-89
-14
-94
-92
100
-102
113
63
-65
-27
26
45
44
75
-86
-36
-116
-105
-105
-39
-15
-117
-111
-5
-88
120
115
-120
-13
19
-103
-8
-19
-30
119
51
-25
-86
-125
-9
-109
91
114
94
103
23
5
-26
32
-61
59
100
27
15
91
-49
-99
-46
-16
36
-76
-23
115
60
-74
0
-57
11
-18
7
-86
-125
-5
2
-84
-33
-112
-3
-2
58
110
-45
-17
-92
123
-2
-31
-19
-17
80
-4
84
111
-108
52
117
-68
-66
16
35
-75
-13
119
-12
-63
53
-83
-123
-52
-3
-45
-28
94
46
12
77
39
-111
91
71
61
106
106
-42
-6
-94
-40
83
27
-2
-104
-71
94
78
114
-116
-34
-13
77
86
-116
77
-43
32
10
10
-15
-124
56
-18
68
126
52
56
26
56
25
106
28
-105
101
-60
-12
23
118
68
-13
-120
92
-69
-15
93
25
56
-34
10
66
-15
94
-78
-102
-51
59
-23
76
-13
-27
-3
27
23
15
-2
22
48
-107
121
68
58
70
-48
44
-7
121
-79
0
-84
-12
63
-8
56
51
-110
57
35
-61
19
68
-6
-108
-57
-22
-8
17
27
47
-72
87
-123
-113
55
-34
98
87
-124
14
-59
60
-114
70
48
29
21
-33
97
18
44
17
70
118
-27
-120
107
102
13
-66
-14
-34
-90
82
123
-74
123
-37
-13
19
-56
51
-82
-7
-43
-50
-28
56
29
-4
-126
50
-14
113
58
71
98
20
-5
64
-7
91
-84
-126
109
-37
104
-123
126
-92
65
-125
-12
-89
-30
110
10
39
-4
125
-67
3
61
105
76
-56
67
-20
72
109
-47
-16
28
-127
103
108
28
49
105
-6
86
71
5
47
14
40
55
-119
-36
29
-67
55
-97
-63
23
87
-120
28
-51
58
-63
-104
-120
-74
1
-41
-112
64
20
-109
121
-87
15
36
17
-62
49
74
-110
10
-69
-99
-44
4
-37
13
13
-26
-123
-37
-37
2
-66
82
46
-75
-11
2
-106
2
-125
-127
-42
-35
-127
69
111
-59
-62
-21
-62
-76
-102
-97
-18
-55
124
40
117
77
72
12
121
32
41
60
-48
-41
99
86
77
-58
-125
110
124
-60
105
80
-15
-79
71
124
-17
39
-25
62
-78
3
-64
-37
-12
82
88
61
82
-117
-124
86
62
39
122
114
72
-73
-71
88
-104
74
-24
78
123
-20
-4
-81
-77
-34
41
-27
-55
41
-55
28
88
69
0
-66
-19
53
-70
29
-105
-7
-12
25
50
120
-10
46
46
58
-33
35
95
62
-109
36
92
-106
-78
9
108
16
40
4
90
31
-7
-24
-117
-18
11
-6
11
-128
-109
20
23
-96
-43
4
-71
-79
-63
97
-75
-116
-60
-19
-73
17
-128
120
15
31
-74
-23
-8
-20
19
38
14
59
7
57
-70
-99
63
55
-19
-85
35
-127
36
-44
81
-21
-7
-49
101
-108
-83
-6
-89
-24
-51
-125
-52
-60
37
-49
-74
-90
49
28
-123
-1
-51
41
23
-26
-65
42
10
88
-72
-2
-19
-96
-69
-102
2
-122
95
30
108
16
-18
-51
-8
-20
108
36
109
72
-44
-71
-30
125
-110
-100
-39
61
122
66
55
6
119
-6
16
5
102
-87
-43
4
51
-8
107
-46
65
-3
36
46
83
31
122
-11
-83
-115
-75
6
-59
41
-64
60
-81
40
-48
101
-105
-22
37
-101
-80
-58
-112
21
23
93
-107
79
-72
16
94
-33
125
17
68
1
24
120
66
-87
-61
16
110
-88
29
-103
-3
-92
38
-11
-105
15
115
-80
56
115
-6
-75
33
8
90
-44
46
-12
-105
-67
-122
-72
-123
-125
91
-75
-2
-5
-73
-13
51
111
-86
-19
94
123
-45
15
-75
-72
77
9
-66
-116
86
-73
-79
109
-11
87
9
-123
75
0
-70
52
1
34
-29
46
-33
-91
57
-76
-41
-19
-75
70
-50
-123
-24
-4
59
113
11
18
-53
-41
-104
58
100
-6
-15
45
-2
-16
-74
23
0
107
-72
-5
79
37
18
7
120
-115
-95
-117
67
-125
-9
84
34
112
89
109
-36
112
90
65
-88
31
69
36
-82
-19
102
-121
-71
32
23
9
32
125
-107
108
50
101
125
15
-18
102
-36
35
112
8
68
-100
100
68
-33
-1
62
-56
-81
91
79
65
45
63
77
-30
-32
-103
64
-72
-72
-92
-50
-32
99
109
124
-8
25
77
-34
13
-15
33
43
-46
115
23
-17
108
-23
1
-53
86
18
-3
-36
54
-89
-84
-2
-1
-22
-59
-73
-33
58
82
108
-83
-49
6
-42
-117
-74
53
60
42
-99
86
-75
15
40
-86
-52
-22
-1
-106
57
-102
124
95
11
-9
-102
-49
113
48
-5
-80
-43
57
-69
115
-9
-16
-71
-71
111
111
-35
-86
-35
73
-56
-61
-17
-108
-37
-107
-122
52
13
-22
100
-23
102
65
-75
-9
10
-60
-67
24
3
4
-38
102
-19
-4
-3
-9
117
114
-1
-8
32
89
-15
94
-107
5
121
-93
38
81
27
-101
77
-116
28
91
73
67
-111
103
112
65
42
-41
49
-69
-55
-57
17
22
14
20
127
-107
109
79
16
-76
-72
-78
101
-57
45
-13
-93
-117
-93
-35
92
-81
6
-50
3
12
-51
-62
-39
-21
14
-49
-77
-62
-62
0
47
83
-51
-69
18
-21
-72
19
47
-81
81
-5
0
-8
1
26
-10
25
76
-50
123
-21
8
-5
-19
-121
105
100
-72
18
-112
37
-105
68
23
-126
-56
-84
-83
-94
105
40
32
119
-8
8
127
21
6
-63
-10
-34
-85
-12
-86
76
-17
23
-24
31
125
108
120
-76
-60
87
-95
-117
-122
39
54
-87
30
57
82
23
116
19
22
-51
74
25
58
6
95
-93
-106
101
91
32
-46
-79
-117
-108
41
-89
83
123
0
-59
-69
-42
37
24
-119
-19
-94
-16
-100
-60
-36
126
-14
90
16
105
71
-5
67
-17
103
25
-69
-123
22
-63
46
-11
-39
123
-124
10
32
-91
26
-69
120
119
31
-35
-42
-20
-31
23
-113
-34
93
-112
-105
-123
1
-94
-82
-87
-121
-75
67
9
-19
111
95
75
24
38
-80
-20
72
-41
28
-90
-79
123
-56
86
118
-112
123
89
13
-16
122
-78
70
-101
43
-7
-110
19
-79
-14
-87
-80
-105
64
102
27
-128
102
-98
-13
119
89
-101
-20
-3
124
-126
115
18
-19
-11
116
-4
-119
118
-105
100
57
-21
-31
121
45
23
84
56
-77
6
-124
8
-72
38
35
87
-52
-14
-102
-32
-29
-26
-42
110
10
123
-68
81
85
-24
-49
-85
-86
-88
25
103
82
-40
-87
84
-39
88
-87
54
29
5
-15
101
46
13
-8
107
23
31
35
-9
23
39
25
120
14
8
104
-53
77
22
60
-93
-88
-84
7
-20
11
83
27
102
-57
-67
-68
-17
67
-6
36
4
117
26
47
88
-10
-10
3
-13
108
-37
-90
112
97
-87
94
100
21
53
78
-105
10
-23
0
20
32
-1
56
-66
-120
-42
-74
-14
-30
-9
-72
40
77
-81
-124
-77
-63
28
-111
63
125
-11
-31
58
76
96
30
-125
24
121
-63
-100
19
-54
2
79
20
6
-18
32
49
74
69
98
41
-15
-63
-24
-114
19
-115
46
56
92
116
-55
-53
56
25
25
57
30
-23
62
-72
6
5
-91
103
-93
127
75
-91
-58
76
-119
92
-83
110
-31
86
-49
41
-90
57
-19
37
-103
116
53
-35
53
45
-64
-63
-38
-30
88
12
-74
39
85
114
56
-52
42
60
74
-108
-67
-20
-29
-12
-38
-77
7
60
113
55
62
29
102
-19
6
10
-10
-103
57
-115
17
-57
101
-115
113
-73
-112
90
114
-41
-63
-93
2
-48
-116
59
-61
-104
71
-93
79
67
-65
28
64
-27
-54
81
-94
-74
15
66
-40
78
20
-52
-59
-57
40
-119
127
126
72
83
1
-74
117
-68
32
110
-98
-37
-15
76
-98
65
-36
121
-88
75
15
77
24
84
36
40
49
-45
41
-37
-112
-82
101
-4
-77
-110
121
-62
-41
2
-80
16
26
-111
-123
8
34
-99
41
66
-7
-64
28
-73
-35
10
20
106
-102
-59
-100
104
-12
74
-86
-77
42
83
-15
108
54
-42
-100
-64
74
19
103
-104
-11
67
-6
-98
-101
97
30
62
-101
23
-25
7
-2
-47
-103
71
59
-63
-83
103
-47
-36
-56
40
-118
-89
98
36
-92
88
43
-101
-45
-57
124
126
70
-103
83
-70
76
-124
1
73
79
36
-7
-9
127
-128
-87
-62
-3
-9
69
-57
107
-50
-7
-119
71
-88
-34
47
-116
-38
-74
21
-124
93
52
-20
-77
-6
18
-79
-11
-4
-118
80
84
58
-67
112
-103
-65
11
-104
-68
-5
95
-1
33
-54
-59
28
82
-13
94
-90
-78
23
-38
39
57
-30
37
-80
127
-101
2
-75
126
68
65
-110
40
66
78
-4
86
30
-11
-67
-95
-4
73
-42
101
76
52
-126
97
100
63
71
30
-73
-82
5
6
-2
-76
-20
78
-62
9
48
16
24
26
-124
78
-65
-92
-44
-63
-62
122
-47
-58
-39
-81
64
2
66
-32
-112
70
-99
-71
-118
-63
26
3
-9
-68
17
86
-43
56
-98
-42
51
102
112
-13
9
-95
-101
-118
-77
-14
31
121
88
118
108
-53
24
-52
-66
83
-29
-81
-5
112
59
-78
121
-91
-94
93
-14
55
10
-49
-53
113
16
105
-114
-78
-60
64
97
62
-127
58
25
29
24
83
-10
-27
36
64
-60
20
123
123
38
-29
-61
-48
48
36
-104
-36
87
61
122
93
-76
18
-107
7
-2
23
-22
125
77
-94
112
-85
-2
-83
-1
-45
42
-32
89
-14
-35
-93
-122
121
-95
-91
115
107
32
-81
-96
114
36
11
-42
105
-119
-27
-56
-114
15
44
102
62
-13
95
58
-42
91
54
-31
40
83
125
-52
33
90
63
88
-119
106
54
48
-5
-37
48
83
43
3
-5
-54
41
-41
100
-39
-42
36
105
-19
127
27
-101
-86
97
-71
-86
0
33
-22
-102
31
112
-6
21
1
36
58
94
124
-123
-75
38
13
-18
33
9
18
95
10
-26
-65
75
14
-2
51
46
-98
103
-76
-77
97
-111
57
55
-76
-87
-5
-32
119
-66
54
25
14
123
-76
75
-79
-51
23
110
-19
-39
58
-10
-60
42
1
32
67
39
106
-127
79
-32
39
30
76
-58
46
-115
8
-66
81
94
33
6
124
36
-4
-3
5
-60
93
-79
45
-4
-121
61
107
-16
-40
-94
39
36
100
79
-46
23
-73
117
-59
108
8
-46
90
-91
-86
-7
-11
-62
-84
-30
-24
-87
95
121
7
19
35
27
66
-97
-1
-50
-4
-105
0
-36
-67
-90
-91
36
51
41
115
-77
-99
-29
-120
-52
-7
86
9
14
60
-119
11
-30
109
65
-74
-79
-122
-27
111
-35
-21
51
12
-103
-61
126
-13
-24
12
113
-101
19
-31
-10
0
-45
24
-110
-23
-34
-56
-57
-69
124
3
29
-113
23
-108
-128
-26
27
28
-9
-33
-14
125
-71
-13
-67
97
127
-120
-43
-90
114
-41
24
99
59
95
-30
-125
66
-69
-74
-30
116
-22
-74
93
-3
-47
-105
-36
104
43
-69
-71
-57
77
117
-121
95
71
-93
21
119
-102
116
-30
9
57
-65
-17
111
83
96
94
-30
-91
12
-51
-44
-122
-64
-27
23
-16
18
8
31
47
109
53
-39
-106
94
84
69
102
-113
87
9
-65
84
50
-99
126
-78
-30
-22
84
93
86
-63
-2
-93
38
62
36
-79
-3
116
74
5
-24
61
42
116
-117
39
88
72
37
-68
-99
-67
-116
-79
54
105
106
-23
-48
-95
24
94
-84
15
-126
30
-31
72
-33
-3
93
-85
22
-33
25
-53
-109
-1
65
32
68
-110
69
88
110
-107
17
96
-111
109
-11
-1
-25
25
51
-75
52
-93
-24
-67
-26
-46
-50
-13
-63
-92
77
76
-26
103
64
9
36
6
1
23
104
-30
-77
-108
-26
-6
-123
85
29
-112
-59
25
4
-6
85
-95
-65
-11
-83
-125
-28
-112
-13
48
65
-27
116
61
90
-97
78
-95
88
-4
2
4
-121
32
7
61
95
-128
107
-20
115
-96
60
125
3
-122
17
-3
51
26
-56
31
126
106
1
-10
-116
-7
-68
5
-109
89
5
90
-62
-15
-64
42
-31
36
37
88
-119
-85
-111
-92
-94
-30
1
-14
127
-94
-47
14
-53
-111
42
87
77
-78
90
-124
-67
34
-118
-12
-42
-114
-104
-32
3
81
-109
52
124
-104
1
-44
-95
35
-88
-76
92
41
30
-124
75
71
-20
-33
-5
6
-127
-22
-83
-117
59
-66
-41
102
-116
-103
-88
-89
-99
-45
-39
-44
47
67
-121
92
-3
52
-4
-80
-72
104
59
-15
-58
121
-118
-74
-51
87
0
-89
64
123
22
116
-119
125
127
48
-53
-74
32
-109
124
-67
96
24
4
-42
28
-111
-16
52
43
54
-86
-37
4
76
55
-108
-82
110
57
88
79
-103
71
6
-48
-67
93
109
47
127
-97
-73
-89
-115
-4
61
124
-2
-103
110
-42
65
-60
-79
-17
-36
-128
74
7
-4
-9
66
48
121
-84
-53
-70
91
80
94
19
-105
18
-100
-32
13
-31
24
-31
47
99
-104
4
41
-29
82
5
-89
-13
72
71
12
-87
-89
-108
22
-119
47
83
-64
84
-88
90
54
87
24
-107
-31
39
16
-8
115
123
117
-23
45
37
13
14
-105
-9
-27
-71
49
-2
8
-106
49
96
49
-19
-84
111
-122
-14
-47
8
63
-52
117
74
-11
7
113
-29
-12
-105
117
-35
4
-37
-43
37
-120
-59
28
14
121
78
-117
91
38
-105
-99
90
22
82
-97
108
-38
-18
-87
70
-3
-89
110
-40
-95
14
84
121
-62
57
46
107
-16
-3
-16
92
19
-31
75
-30
-55
27
-45
69
-25
-37
-40
80
126
-2
-37
104
-76
-88
-24
38
89
-31
-105
-61
-108
-15
-68
-127
36
65
68
43
-76
-51
-10
-127
-121
123
-104
-101
118
-30
-29
114
54
19
-101
38
-121
-103
114
51
112
-108
-16
49
49
105
118
-33
-115
62
118
68
-15
-72
-42
82
25
-97
42
91
-40
8
-107
96
60
-38
30
127
-127
-110
-82
-22
49
93
-70
5
-98
-118
-86
-27
-8
-95
111
7
103
-112
116
100
-2
11
-31
40
20
93
3
-30
-81
66
-88
113
-78
-3
22
92
103
110
-101
104
-21
22
-81
-17
79
-112
37
96
-74
-92
-29
9
94
97
-1
74
105
103
40
-96
12
109
-88
-124
-110
117
-3
-76
62
-95
-81
11
-2
-125
86
-45
-116
-58
51
30
-46
-47
-80
-35
98
114
109
71
-110
48
20
-116
126
-36
-17
87
96
109
-14
-16
-3
69
-109
88
-52
-91
108
52
37
64
46
-50
-88
122
-90
-21
36
-25
-110
-4
-67
-36
8
-96
3
-30
82
111
122
-19
115
-20
-12
-24
-96
-94
95
-48
97
-13
-121
78
-85
82
55
102
-83
88
-117
95
-4
-80
-56
4
-7
42
-18
-22
-12
-49
-21
0
85
-17
-38
-97
59
33
-127
-39
-43
-106
-65
-11
115
0
-1
127
-75
-76
88
54
-83
-66
-114
2
119
-54
80
76
-62
-94
22
15
99
-32
113
113
-76
9
-100
-128
90
25
2
-34
21
-98
26
73
89
55
24
95
-23
98
-103
119
38
-69
-67
-123
-104
42
15
-81
114
38
-79
-85
95
12
-66
2
-16
15
6
-93
28
-58
70
109
-8
-33
68
-68
-17
-62
18
15
5
21
-64
50
-82
5
-37
43
27
-46
59
50
-97
29
-73
-80
-114
-110
116
-83
118
-109
-1
121
85
125
-122
-110
-71
107
34
-87
-22
19
79
-96
73
-44
-48
1
27
94
118
80
-29
29
-62
73
31
79
47
-85
-86
74
-81
-63
31
93
-38
86
32
-71
113
2
-43
-65
26
125
-36
0
81
-82
-54
-35
-33
-49
79
-53
75
-30
113
103
-62
-100
-21
-8
122
65
-15
-8
4
102
18
105
-82
-70
83
16
-25
-57
-77
-74
60
127
-115
-105
51
83
-70
16
-72
103
-8
-90
-78
-47
-85
-46
-3
-106
-55
-28
-73
-29
-87
38
3
118
-68
122
13
76
-84
40
-50
97
61
-71
-92
-98
33
-28
-32
87
127
46
-95
40
-18
2
-77
57
104
-1
-56
4
122
67
-108
67
-59
-17
-57
30
43
69
-80
-72
-29
-98
108
-64
5
115
114
-40
-5
-53
-72
-10
-23
55
-97
7
-14
76
34
-92
-98
-45
90
16
95
68
-107
-27
-85
108
-1
-75
-32
-127
-102
-81
-6
-95
86
61
-14
-19
-69
-106
27
2
-8
6
-36
60
-18
28
-23
49
46
-100
56
-113
8
18
118
49
35
62
-44
-70
-39
25
-40
-28
-120
-7
1
-1
116
70
-53
50
124
111
-65
108
118
2
-87
-9
26
51
-109
-41
-111
75
55
113
-94
-80
-6
20
45
-120
-96
46
-59
116
5
-64
-110
-109
37
29
-113
73
84
86
24
-41
-120
40
71
72
26
58
0
28
-64
116
-43
-96
116
37
-100
-115
-70
-71
-4
-123
-39
-56
115
-117
17
114
-128
-115
-126
14
107
-40
-54
43
19
-74
-27
3
125
9
87
-42
-44
42
37
-64
-98
126
83
-17
-72
-58
36
19
117
15
66
-115
66
53
-76
90
48
-35
-31
-84
68
-90
36
10
-88
125
-53
-69
-39
-83
16
-117
102
104
-114
-76
35
-68
66
-116
90
-96
-102
-61
51
92
-37
-45
43
-36
-128
125
-49
84
27
-69
-126
-116
-120
-86
15
-67
28
71
-38
-100
-101
58
110
-52
57
55
113
102
44
-107
100
86
-117
-70
22
0
-110
-2
-83
-93
7
86
-98
-98
-80
-119
84
127
-4
-72
80
-97
61
7
127
-25
120
98
107
9
80
-123
112
26
97
-34
99
-38
49
-1
94
82
24
119
76
-75
65
17
-32
-83
52
7
16
44
-67
73
-44
14
110
58
95
61
-36
123
-20
10
127
87
93
32
57
-78
82
111
99
-19
-90
83
114
34
-4
-50
19
52
-50
20
0
-128
73
60
106
6
122
-82
-28
-126
127
116
39
11
-69
-87
69
127
-19
17
31
38
-112
-11
73
70
3
-26
24
83
-34
36
-62
13
-58
-87
-110
29
-45
113
-23
-16
16
-97
-14
22
59
88
-53
-45
7
-3
-125
38
117
-109
-76
109
-19
-113
27
65
-116
-49
39
24
3
37
20
-80
-21
-6
-13
22
98
-58
98
86
-69
1
76
-7
-32
13
8
29
-79
-123
-91
67
-84
65
-1
-95
29
-66
-1
-97
4
-54
101
-106
-55
-95
68
-2
-127
-126
-69
-94
-16
-89
-12
-68
-17
78
-18
36
53
113
-66
94
-71
-16
-2
46
19
-80
62
-99
-63
-115
54
-55
116
21
-57
-81
-61
75
53
-73
27
75
-96
-15
75
73
16
127
119
93
-79
-36
76
-17
-84
-95
-60
-10
-66
43
88
-37
68
44
-74
118
36
56
72
101
-94
-68
-50
116
32
-23
29
-70
58
-124
127
-70
25
-84
-6
-7
-64
116
-10
13
3
16
-57
71
49
-6
-119
-83
100
-68
65
22
102
45
-34
-99
-122
67
71
-42
-34
33
37
-119
22
111
-98
70
-6
76
-42
-49
-17
110
72
95
95
-67
22
106
65
-82
95
26
83
-78
99
-54
11
-22
62
81
98
19
-30
-6
21
99
-111
-63
52
42
124
-98
109
90
17
15
-33
32
-18
-91
63
124
-123
21
-3
96
-102
-84
-14
46
10
21
19
0
-7
-19
106
-67
17
-85
122
-23
52
-29
19
125
-104
-93
-76
-92
-83
-4
-98
-19
12
-40
42
62
106
38
54
50
-4
-61
95
-49
-78
1
-113
-116
-5
97
6
3
119
-72
-2
-112
-37
-113
-109
64
-76
-24
-8
-83
64
-51
50
-8
-119
26
-55
-87
-13
-72
-128
118
4
-60
120
60
-29
104
-71
29
-66
31
-9
39
-121
79
-15
51
26
45
75
-2
46
-11
99
76
-38
51
3
-123
97
-80
59
33
-100
47
17
-14
80
57
-86
-17
58
18
-64
-3
112
-17
68
-36
125
70
-116
62
74
-64
-29
-90
-116
-22
74
112
90
32
18
-12
58
-11
-88
-126
65
-20
69
-75
47
-108
12
-122
-25
7
121
-107
22
-14
-70
-55
100
42
9
-6
-80
-72
-115
-78
-24
-76
-120
40
-62
-127
33
1
-92
-13
-17
-15
38
87
119
-109
54
-122
-65
35
-64
-8
13
-76
6
88
-51
-17
-39
-95
-117
-57
-62
-11
65
10
-84
-115
-35
107
73
13
-37
23
20
-108
67
-2
2
-51
-19
-29
82
79
-19
77
-99
114
-112
-123
-67
12
81
76
-100
87
70
-44
93
-65
-9
48
9
-91
85
17
-77
-91
-97
0
-28
-23
114
-121
-59
77
30
99
23
-113
121
15
-32
-109
90
60
46
-113
-15
-56
-108
75
116
-5
-67
40
-60
46
113
106
-44
-6
119
55
15
-52
-83
86
-42
33
2
-54
62
33
60
-36
-43
116
-30
-13
-88
-11
-62
-72
-18
-79
25
93
-16
-118
21
-37
-44
105
38
-107
-110
-33
-110
-9
-4
-50
102
-98
60
102
-4
-83
-73
11
8
7
23
108
119
104
-83
122
30
9
-65
3
63
45
33
65
62
18
5
2
23
86
81
-58
-94
90
68
114
-82
40
-37
-13
30
30
-102
-29
-41
-74
-87
-65
-85
-83
73
46
23
38
-55
-17
2
-91
-90
63
-11
79
2
61
-108
19
50
-3
2
46
91
-62
28
74
-39
55
-99
-55
112
126
-58
42
56
-93
85
13
29
-110
27
-70
-126
-29
110
33
16
45
-81
-99
-61
-117
-43
110
51
9
14
-11
44
29
-106
122
-17
-112
45
-83
124
-28
59
-13
-12
-89
108
-103
-51
84
29
-78
25
-94
-79
57
6
46
-75
32
-111
21
-43
120
79
-6
-74
86
105
-18
58
-81
106
-115
-97
60
-16
-37
-103
74
19
-80
-80
-30
-68
89
-95
-104
-37
43
108
117
7
75
-18
84
-86
-92
86
117
-68
-23
-44
-90
101
-11
-114
8
23
-81
69
65
86
-117
34
5
-49
-10
102
37
-112
-6
19
-15
13
-69
-116
4
72
-88
64
5
74
25
-55
-106
-27
-98
35
-97
-36
50
48
-80
98
-18
-71
-80
113
-79
86
-31
74
101
49
-91
87
-24
-3
-102
32
57
-56
68
94
-59
88
-4
114
111
-62
37
45
-101
-107
-82
89
113
54
-114
-51
117
-92
-50
104
59
30
-14
91
-85
58
99
124
47
-104
-88
73
33
-58
104
-121
27
-66
9
-30
11
19
-20
102
-127
-105
-48
41
41
68
120
-126
-73
-8
68
77
-71
-101
43
-27
44
51
112
36
-64
108
-36
-112
9
-17
-78
53
-45
71
22
-9
93
90
-3
-115
-42
-67
-68
-36
-16
42
-58
32
-29
-118
85
-105
6
-13
-30
-5
107
-106
-22
14
-127
118
33
-34
111
96
123
-5
-106
92
-10
-20
70
114
-11
76
-38
-100
75
72
-89
-82
-101
-94
-2
-4
-101
-126
8
65
-13
11
-84
-122
5
53
-41
42
75
125
107
20
5
37
109
-31
52
-69
-86
-46
-93
27
35
-81
94
-70
1
-41
121
-44
-62
48
-7
6
17
2
-93
86
29
-76
10
111
92
-71
-116
4
-46
-80
26
17
-29
-118
-115
104
-34
-34
3
-31
-49
10
120
-10
24
114
-94
106
75
108
30
-56
-15
12
-110
-65
-116
-16
15
62
2
-46
44
98
-53
-67
88
-36
-127
15
26
109
-99
-101
73
-100
-42
127
11
4
-56
-103
12
-26
-104
-67
47
-1
120
-14
-95
-28
-85
-84
58
-76
31
-60
79
-100
-113
-58
-117
-37
57
3
-15
126
118
-59
36
13
13
9
-96
53
85
-112
72
84
9
76
-71
96
5
1
89
-6
57
-94
-40
-57
88
-91
-10
48
91
110
-91
-27
118
98
-3
84
-82
43
33
11
86
-37
36
-20
14
-39
114
-86
-100
84
47
71
-94
-35
-17
112
107
-55
-77
-7
-65
99
59
-42
64
-99
-13
20
-96
19
-14
-110
13
-31
98
-17
-9
7
87
-123
27
-53
25
-81
81
-14
95
62
110
-27
103
108
2
-32
-90
21
125
-124
-104
22
-47
-127
-109
-33
-16
1
-54
-112
52
82
119
87
-47
78
-9
99
-73
-70
-110
124
-82
-116
101
67
-103
-59
-119
-119
81
-70
75
-128
41
-122
-101
74
22
-103
23
-109
-46
116
-94
-37
71
6
-26
14
-21
-22
-23
94
123
77
-75
42
-87
-98
56
88
-86
20
23
-105
125
-84
-83
-116
-73
-56
-65
70
100
117
26
66
-22
-74
57
105
-36
-75
-58
-64
-48
122
115
43
-44
25
82
-122
-12
-94
-60
-7
-99
84
38
-88
-68
-59
-113
-54
106
76
84
-97
-7
-4
69
13
125
57
110
-47
39
-35
12
37
31
-109
-2
-114
-24
21
-27
122
106
115
-69
106
-78
-45
122
118
85
124
31
-68
-64
-41
60
-55
111
107
111
85
-43
-99
70
71
-16
55
-94
47
95
-8
10
-10
124
78
-59
90
-69
-75
-126
24
57
5
-29
-122
-126
15
112
56
-105
97
13
90
-94
-11
58
-87
-8
2
-35
114
114
-111
-60
-71
100
-107
-17
13
43
29
44
95
58
29
-123
-35
-127
40
23
16
24
98
-96
111
26
-27
96
65
-90
61
101
90
-58
16
34
-104
-26
-46
-16
-16
43
-58
67
-53
81
-34
-117
47
12
70
124
63
123
28
-16
-125
-117
83
-105
-75
76
-86
-108
8
-99
61
-24
-55
-2
-90
-29
-24
-40
111
-43
26
-66
-124
-117
83
-94
82
-6
-13
-71
-71
79
122
-82
-50
-68
-74
30
-94
-127
76
61
123
-1
-34
4
-123
97
91
104
-100
-102
118
106
115
-79
37
-20
-4
7
-90
-62
-43
75
77
10
-7
93
-13
126
-42
-10
8
-23
-10
-49
11
-59
-106
-125
-18
-111
-38
-76
31
84
126
-73
77
26
28
-28
44
-99
118
-22
-20
74
-82
75
-34
42
-24
-38
75
3
-73
9
3
-58
-86
-10
108
125
3
-120
88
119
-91
43
115
-11
-36
24
-96
54
114
-76
-102
-74
112
-52
-37
-104
-51
105
-16
-1
-20
125
89
-25
-67
-96
86
-115
117
-100
-71
11
-110
-80
-107
115
38
-116
10
-108
-14
46
17
-25
4
-107
-100
37
-101
79
-24
-102
-94
-65
-122
86
92
65
-21
25
123
-107
23
78
-63
116
15
-84
-42
-92
-83
-102
-16
91
-72
-113
102
103
49
-63
-91
-66
84
11
92
-96
99
117
75
-122
45
-46
75
-18
6
-19
53
108
78
-88
61
-39
110
108
-88
-127
17
70
-127
-8
78
45
6
-101
-15
116
-105
-24
25
-50
-95
111
82
41
92
-95
-77
-15
-5
-15
14
72
16
-50
-81
96
45
-36
-58
17
-43
-110
-71
114
90
75
-107
-107
-23
66
12
33
94
80
16
1
-93
15
120
-62
75
-48
61
-10
-87
-127
41
41
-9
-124
-57
-7
-1
108
-103
106
55
96
44
54
83
70
-5
23
-2
-18
-8
110
-14
100
-109
42
-121
-1
-101
-3
59
43
77
88
41
90
-8
-120
-2
-95
0
86
-4
33
0
59
37
-100
22
-58
-57
21
104
18
24
91
86
-29
-14
-91
-45
-120
29
78
-52
67
31
125
100
114
14
-83
-66
39
-11
-93
-67
-22
119
-1
125
8
67
-34
4
101
41
-78
-11
-73
98
27
61
-61
-100
-6
-8
93
-107
12
115
-70
31
-14
-21
93
-56
-4
-2
-11
-32
-12
90
-15
6
-61
-128
-44
123
-37
60
-34
-57
34
105
59
14
58
46
-97
-11
93
-51
-65
-13
-72
-99
81
-80
101
-32
63
-18
85
17
24
-70
-45
105
-79
34
-79
-78
94
-55
84
127
-62
-34
37
-78
-21
25
-44
7
-57
-3
-31
36
-116
114
-50
83
-123
-78
22
116
83
108
-54
20
-120
108
-96
57
-33
-48
-8
-119
-99
25
-95
105
-38
68
-99
-118
-9
75
63
-104
-58
57
-2
40
5
-82
109
46
-113
-110
85
-27
29
49
82
-15
92
-102
103
-55
118
80
-128
80
-47
120
-46
-51
52
-71
41
-122
57
-62
60
99
-100
91
-88
26
96
105
-126
27
68
-106
67
-117
-51
-61
50
5
-44
-8
32
-21
66
-56
-89
29
-84
50
39
32
51
-10
4
38
-34
17
-34
-89
-36
-76
67
-17
112
44
112
-68
-22
-66
-2
-39
-60
87
-112
67
36
10
-34
98
25
-103
-30
-15
-35
107
-3
30
-40
-107
28
-51
19
104
-26
12
39
52
72
121
-43
66
95
-63
117
83
1
23
-68
-112
-96
121
-13
80
86
28
-4
-108
-56
21
-95
-19
-95
51
44
29
10
-51
-18
-91
-110
70
38
116
19
0
86
-42
60
5
115
-95
-85
-124
-40
114
-117
-123
-22
87
-103
-63
12
-49
64
-4
-69
-80
-115
14
-89
-109
87
20
102
6
106
-94
122
-100
116
19
73
-109
-110
-128
-87
-116
-58
3
-68
-108
-100
-23
99
38
-2
3
-110
-74
77
-37
-18
-62
-68
-80
-101
110
29
44
112
-5
74
-83
118
-66
-29
-128
3
98
50
67
-6
27
9
-25
-123
54
62
-119
114
75
9
41
50
-108
16
-96
127
75
-64
-76
-96
-47
48
98
-93
76
-55
45
20
-78
21
-26
-81
-105
-94
-102
-117
-94
-119
-26
-110
-93
80
-128
40
122
-128
-91
-12
-27
105
-121
-77
50
-119
-30
97
-10
2
116
-28
-82
-92
-37
34
-68
-67
-11
-99
-72
-116
-77
-76
82
-87
-114
-90
81
14
-108
-51
-44
0
-31
-66
-122
-35
118
123
-27
47
59
13
42
103
-43
-89
-50
-107
-99
-115
-126
-106
52
93
29
35
11
44
-1
-102
-92
118
-102
8
56
13
100
43
-69
126
-94
-24
-60
55
-25
-16
-121
-120
126
91
106
-7
-114
-74
72
-19
44
-94
-49
97
-45
34
-3
-66
-77
-65
14
83
61
-29
77
-51
-93
33
-53
-27
74
-90
-84
51
49
17
4
-91
125
-113
-27
0
-104
114
-59
-23
109
18
5
-4
-25
4
63
82
-62
-71
-46
-83
101
-63
18
39
-9
-52
18
116
-29
-110
-119
-125
13
117
61
18
-67
102
-2
54
104
40
21
33
-45
-43
-113
111
23
-76
118
-68
-37
45
15
69
37
27
-77
-73
-89
-125
-7
107
38
-110
112
26
2
38
120
44
92
-2
114
-45
22
-88
55
-35
58
-22
0
104
112
-90
-94
84
126
-81
54
16
7
-92
93
67
59
52
-32
5
20
34
4
39
-116
25
48
-82
-19
9
4
16
-83
-5
30
-62
117
53
-4
-19
60
-34
63
108
116
-30
4
-121
-123
-8
-121
-98
104
59
103
-103
95
115
120
-123
67
-77
-89
106
-121
111
13
124
87
-101
-72
86
117
39
12
-56
75
-112
26
-114
113
122
-103
-67
17
-6
-85
-52
119
10
86
-107
-29
121
-110
-78
115
-7
-16
-79
-43
107
-10
-28
94
106
15
-77
73
44
-74
15
53
71
104
-72
13
-35
-78
-38
9
26
103
-14
-68
-11
19
48
-60
-90
-94
16
-17
-88
-5
91
51
-20
-81
14
88
-108
-72
-102
110
-115
14
-96
80
-76
-41
62
-14
-97
60
-35
58
34
-31
-58
105
18
-63
99
86
-72
82
6
25
-105
-90
6
-106
40
92
98
106
-89
-111
8
-7
25
90
-18
98
-55
36
-105
-66
-94
22
75
-9
-91
125
125
-85
24
11
10
110
-21
-83
-124
94
-106
94
-37
48
-45
-8
24
