42
-83
121
64
83
-76
115
37
60
47
-22
6
50
-45
12
75
-66
7
-125
37
-39
-123
-1
73
48
109
53
-73
91
80
121
-40
-79
-4
-68
-111
40
-126
-125
67
35
-102
-29
4
23
70
60
38
27
-66
-108
-67
-116
92
9
-25
-25
104
-51
-42
33
-52
-12
123
21
39
-128
19
-111
-46
9
5
-13
31
-34
-55
107
26
103
125
-57
-96
-109
-40
92
101
78
-6
-55
-62
55
81
106
65
-57
25
32
-39
-62
-123
45
-104
-9
83
111
-85
-124
22
0
88
-105
80
39
-117
-22
74
-14
126
-56
104
-38
74
-92
-128
40
80
-86
-86
-10
-43
10
63
127
-40
-78
81
-15
121
119
-22
-54
96
73
33
-66
-44
127
-40
-78
126
44
-66
-45
127
-40
-78
-121
-114
-91
53
-84
-41
78
57
6
116
-47
127
-40
-78
91
-79
-31
-52
55
110
-71
103
-32
-113
-49
-62
110
40
36
96
41
-89
36
-12
119
101
2
119
-26
-59
46
103
-41
116
-126
-108
-52
4
89
53
6
-44
23
27
85
-89
-109
-128
-60
39
115
13
-81
49
24
64
14
60
-18
110
-66
52
-58
19
101
-64
5
9
-42
-34
-32
-65
54
7
46
39
113
-55
-63
117
82
-91
6
-107
-72
25
-70
-127
3
-85
125
4
87
-117
44
112
-21
-35
106
-106
111
24
43
51
-119
10
-68
-40
-63
-124
-34
-66
36
-67
110
9
14
34
-87
-95
122
-78
-32
-3
99
18
-72
-118
-23
57
123
-11
29
47
67
-54
21
65
-32
33
108
5
33
-70
-77
-66
16
19
117
-23
-66
-77
-92
-118
34
111
-56
-117
43
53
-25
-57
7
33
-61
101
-125
92
107
-59
73
125
41
-29
-68
-59
-44
-88
-38
-80
53
104
-26
44
-54
86
-63
-36
-16
7
99
68
18
-68
114
-62
124
-56
104
27
-46
8
36
-106
-32
-16
97
74
9
-41
-99
27
-81
-126
27
63
88
-18
-77
45
37
6
107
-118
-12
-22
-17
-36
-80
27
-28
-29
-55
10
-67
-40
-15
-82
-25
-84
95
-77
117
4
-44
37
-100
-87
118
55
57
91
-55
-13
87
118
122
-53
-12
58
103
-62
-43
-87
50
-51
-62
-50
119
59
-113
49
-91
54
76
27
21
-62
-87
22
-108
-28
17
35
-54
-3
122
-86
-126
-11
69
-59
-37
-9
-27
11
41
10
15
16
-117
-51
36
-66
-43
11
121
-79
-72
-91
-117
-52
-3
-35
38
21
-44
44
-46
-7
47
2
-42
-51
-3
6
-28
32
115
-71
-10
110
-71
93
-80
109
-65
-53
66
82
54
-62
95
-52
-36
-33
111
103
-105
127
-63
97
115
-101
104
-80
105
-70
71
59
-121
-61
73
119
42
43
-47
9
93
-80
111
44
59
58
126
14
65
9
-82
-80
8
-118
7
-42
108
125
27
80
-15
-122
16
-6
9
-89
-29
-75
-118
-93
-120
-1
-38
45
100
-126
107
5
-54
47
110
-59
127
23
39
-49
125
14
-119
-76
-23
-55
16
-38
-44
5
-88
48
-35
10
-126
56
-54
9
-81
-45
4
77
55
-60
14
-105
120
-15
-39
-101
75
79
103
-102
2
-48
-73
-103
-48
-115
6
124
26
-54
96
25
-114
-122
32
-84
26
-54
32
26
123
40
-40
44
-123
40
-65
-100
13
31
30
-72
-106
29
-77
24
92
-45
21
123
-72
14
-68
90
-74
-125
38
111
106
114
-6
117
-43
77
45
-70
-43
-41
-60
-113
-68
-74
81
22
101
65
-126
27
104
-71
58
18
-26
56
-17
108
-5
-55
-76
34
-120
-112
41
-81
4
-28
-17
-64
22
59
92
5
94
-87
93
-68
-18
42
70
3
22
-34
125
-3
55
-75
-89
-73
-38
121
11
-2
-81
-67
-45
-124
-39
-103
-32
-2
115
2
-73
-73
-12
-86
-86
24
-103
3
12
-32
-120
-29
-72
40
2
36
-20
27
-113
15
-110
85
-39
-51
-116
-64
-100
-44
21
-91
-92
-115
-6
-30
121
46
-27
-74
-112
-53
74
-97
-78
-3
-33
65
40
-10
14
-47
1
-118
-18
119
-59
18
49
-58
-128
9
-65
21
10
72
-40
-92
-23
126
87
7
107
1
15
59
-116
-61
41
31
21
-46
-75
-5
60
113
54
32
54
37
-21
-35
-70
86
-125
113
51
-23
28
-125
-126
-41
-65
-72
-14
-112
58
-5
-34
55
118
108
9
-11
-40
-55
75
-58
-120
97
-128
117
80
122
-28
-62
-9
16
-58
39
-74
42
-116
113
100
-62
-26
-21
10
27
122
111
117
8
120
-119
18
43
-55
65
-124
-58
21
-54
96
36
26
-55
-86
-45
-42
103
-93
-66
-88
-105
-56
-49
-33
-49
47
47
9
-22
-44
-109
47
-122
-24
95
87
-22
65
0
39
30
96
-101
-104
-73
25
-36
-79
120
-122
107
115
96
-41
-118
-65
67
60
87
-21
-44
-52
126
-70
-57
-13
-95
-68
66
14
22
3
66
18
-45
-60
-52
-102
104
-55
-70
41
-49
40
-110
-109
-97
-44
-52
-91
103
61
77
44
80
28
-71
32
-59
-54
28
100
-63
-19
24
-74
-74
126
15
-79
-117
-39
65
17
47
116
-29
116
-108
69
98
-68
-109
94
-87
47
32
-61
27
-48
-66
125
-12
7
31
60
13
-83
5
-41
40
-127
-50
43
35
86
66
31
36
-83
-62
-61
9
-53
-12
-69
-85
72
-31
-71
-127
-62
-19
-74
117
28
87
-81
-74
5
52
105
-43
4
25
24
-62
-51
-67
-47
40
9
-75
58
3
-112
-47
-57
13
51
109
119
-76
87
42
-72
110
-22
-69
42
-120
107
25
-79
-70
-40
25
-110
100
-127
13
-48
-122
-58
26
35
-36
82
11
10
-56
-42
-118
67
-43
-21
-76
-35
126
-69
-8
57
-65
53
-71
6
-120
16
115
87
20
-69
12
-88
96
72
113
45
-33
52
-65
34
-66
23
-122
-34
-34
32
-81
-124
36
102
38
-55
-112
-104
-106
18
69
-120
-45
-113
-61
-49
116
-3
58
48
17
-123
125
-58
-128
88
30
121
-62
-121
124
-94
8
121
-68
30
-91
92
-50
-39
-35
-104
60
2
30
12
4
-7
45
-78
-20
32
-125
-16
78
-61
-95
-122
74
-34
-117
-120
-39
-41
1
102
120
2
39
-81
18
-107
0
-42
23
-122
-58
-44
25
-47
34
28
-94
7
32
-101
4
-1
6
121
126
46
-3
49
52
-47
-116
14
-70
122
20
-32
-15
117
69
-27
-31
65
-118
16
106
48
-49
27
-48
119
113
-55
-38
56
123
54
-127
-27
-53
-103
118
31
-38
-67
-53
-65
6
-28
-34
86
-81
-18
-59
33
99
-49
-81
78
48
-51
-72
-7
53
4
78
-82
-36
-69
93
44
52
-1
-58
46
-55
116
9
-25
-122
-126
-53
97
-65
-113
-7
126
-47
-106
-26
121
-56
-76
10
122
100
-113
-5
25
-33
109
111
-127
-9
-71
-48
67
119
121
-21
-50
-91
10
-122
7
108
-16
47
80
-13
-19
-74
44
-22
31
9
-9
66
39
-56
113
6
-121
44
-120
24
40
52
-118
-15
0
-26
21
-54
57
-40
-74
21
28
-63
-25
-120
-122
-54
-2
-115
-44
108
-126
99
-120
34
-61
32
-46
-71
-53
-36
-75
14
121
-30
-114
-30
-39
88
40
22
-114
-67
-75
-87
30
31
-12
43
-8
62
-120
-31
-120
31
40
-3
24
53
18
-62
115
-82
-56
-47
20
10
-65
-46
115
-33
-60
16
-49
30
-51
47
32
71
47
-111
-55
26
115
-50
-59
-50
-62
27
-111
-12
-120
46
18
-48
34
-53
93
116
73
25
-21
32
-57
-80
-42
-75
-62
-15
-54
53
-43
-75
-121
118
-2
104
46
38
-55
110
62
2
-48
-35
95
-113
39
25
-98
-120
0
-66
71
117
22
-39
-64
-87
115
-72
28
-62
53
-58
-40
-67
-54
-121
-70
-102
-43
15
-58
-5
12
42
-51
-72
48
-64
-63
22
102
-95
-123
-95
90
-112
-30
-14
-60
18
-35
-27
-59
18
23
-128
28
-108
11
-28
19
-42
62
20
-118
-48
-46
-104
-128
120
40
-64
2
-51
-42
44
109
-55
127
-55
-107
-123
-35
-30
82
-63
25
118
36
-50
-49
-49
-81
34
-74
-46
29
3
127
107
-36
21
117
-7
-67
109
-122
-26
75
17
110
-18
41
-44
-90
-66
21
-48
24
100
8
-53
-60
20
-71
0
-34
15
126
48
-44
-36
117
-119
40
17
-110
95
10
-56
-55
126
69
-50
21
-17
-40
-119
19
-58
-79
-26
50
-37
36
-59
-22
-38
7
-126
-39
19
-64
-114
27
-83
-72
-67
123
-7
53
-64
-75
46
43
-98
46
-33
-35
127
52
125
14
-44
-68
15
-41
39
-120
117
120
-74
-24
-69
123
-53
111
2
-28
38
36
-36
-26
11
-32
50
-36
-69
-21
123
5
86
-48
-56
-7
-70
126
83
-29
-110
5
-25
-116
-120
13
14
90
-112
-97
-67
117
-33
-114
-28
-53
121
13
-44
-31
-45
35
72
105
25
-36
0
-53
-116
44
-66
27
74
-74
-76
-127
-73
-84
-75
1
40
-18
-48
104
-25
123
-128
55
-53
36
114
118
122
-71
-46
103
-19
117
-115
-74
17
-63
14
-82
-48
119
-28
105
33
-19
-1
17
30
-55
31
52
-46
47
-126
13
126
-62
-31
121
14
-19
-126
-114
-15
-128
15
18
-42
31
-71
-58
-35
-77
42
-17
-110
126
12
-12
-34
-57
105
-78
21
33
36
114
105
-27
51
-9
-36
-45
-21
8
-15
-97
-70
-61
-89
54
-65
116
-46
-103
47
51
-13
-112
115
20
-42
6
-34
-68
-127
-69
23
-91
14
14
-29
28
127
-40
11
62
-23
-71
-27
-121
64
23
-128
-38
-43
84
-26
58
-128
-50
-60
13
-69
-52
-8
111
58
-108
69
127
-122
77
-8
-50
15
126
26
70
-20
107
-4
-107
-114
34
64
49
-33
97
-56
121
54
-102
124
33
127
-82
-80
-39
-47
42
-57
-36
-83
-13
98
-112
-33
-23
10
-117
-12
26
120
35
-105
-105
-103
-52
81
32
-76
-69
-13
25
119
75
-127
-42
25
-52
123
-5
41
19
117
-52
-83
-38
-45
-74
-66
73
124
20
-26
95
-38
-44
-106
117
-124
-127
32
19
-19
-47
58
-55
-98
-23
22
-60
-21
125
52
23
-120
-7
54
126
-44
-66
-118
83
19
113
52
82
-17
-116
18
63
-75
40
-82
44
-43
-71
90
-13
-122
15
20
-107
-32
125
-44
15
-38
-41
-59
-27
23
-91
27
122
78
-10
-128
-39
121
11
-76
-126
-68
-41
44
121
-116
-56
-8
45
-48
-49
41
27
-74
119
-39
0
-51
-80
-53
-78
-93
-74
-81
6
76
-12
3
72
120
89
-39
-66
28
67
-44
19
-62
-119
104
-103
-88
-50
-56
121
-125
5
50
36
-46
-40
3
-127
109
-50
79
48
100
0
-121
-24
-61
104
-45
16
34
124
-113
-38
-83
-121
23
81
73
-57
66
-55
-38
-60
125
31
-71
-127
-33
98
61
-112
-9
68
-66
-37
85
-2
-58
65
-10
-38
-42
27
-45
-113
-122
103
10
-61
123
-43
-120
-91
-69
-101
-25
-72
116
-42
16
-119
104
-4
21
-60
60
55
-27
-117
64
-123
-74
-88
17
117
-34
-74
-37
-58
61
-11
-31
-119
-59
-56
-51
-60
-67
18
113
94
17
103
-67
-20
27
-29
36
-77
1
-59
61
-81
-3
-60
30
-57
-121
-13
42
31
-55
115
-76
22
39
123
0
75
-53
-56
-127
1
-47
-114
90
-11
-40
44
51
30
-70
-67
-38
74
29
28
-55
-35
-57
-20
116
98
43
70
32
9
-74
5
51
40
-95
-100
-57
56
0
-43
65
-35
19
41
38
88
22
35
-61
9
28
-64
-87
92
65
126
26
83
-58
103
34
108
68
1
9
0
-37
-49
123
-76
40
-41
29
-114
-41
42
-4
-98
-42
40
99
36
-5
-4
-72
33
18
106
-35
-48
49
21
-42
81
-51
26
13
-44
-23
-117
64
87
15
-115
28
19
-102
-17
-11
-92
-34
110
87
53
34
95
-101
92
-92
-53
-105
-72
34
-120
-87
0
53
-53
111
-126
-51
63
-68
-124
39
-68
96
-65
1
-69
15
44
110
120
10
-72
8
27
26
34
-38
-65
7
123
-4
-117
31
12
-62
-49
-79
-83
22
25
-77
7
37
19
28
13
-84
-45
29
-47
-63
119
18
-41
37
-49
-10
23
-43
-22
-75
-106
7
67
23
8
-53
-39
120
11
-74
-56
-52
-62
101
107
-36
121
75
-32
-52
69
35
-56
25
61
-126
4
-121
76
-75
38
-66
-124
123
36
-82
108
52
-77
57
110
-20
-82
-110
25
-108
-62
-38
16
-58
87
2
31
-29
60
48
13
46
28
117
-22
-20
38
6
-100
27
39
126
36
-50
31
-64
92
51
-7
-50
101
113
-51
1
25
126
19
-109
17
-26
-26
109
-108
24
-44
-39
-41
1
1
-44
28
-93
-30
-44
107
51
-120
10
-123
-39
-39
101
4
120
-124
66
-78
-60
-4
-10
11
6
127
-47
31
-72
26
101
24
-86
102
103
70
-75
101
-42
-113
-39
-27
26
-51
25
-16
-57
51
-97
120
-126
30
3
32
66
-57
44
86
-112
-48
-21
116
-63
15
-96
-46
59
-74
-120
-48
-41
117
-32
-64
39
12
-89
27
-126
-57
42
-63
-15
-52
13
-46
-51
51
15
-61
46
-71
104
-88
60
-18
23
66
-19
-42
-46
14
-112
73
-74
17
-120
-63
-28
-103
9
-28
-107
-67
61
-17
-107
55
-46
119
77
-72
-25
-119
-44
105
48
-51
97
113
-27
-114
104
-36
-50
-71
-30
46
-75
22
-58
36
-46
122
105
31
59
47
-80
121
60
-113
-44
111
-46
-43
-11
14
40
-40
-30
127
20
1
-49
114
22
82
-60
-55
102
38
-55
-101
39
29
-22
-99
-78
105
-53
37
-109
-44
-54
-27
73
65
120
-22
17
-60
-64
27
123
-115
-85
65
-33
92
4
40
-70
-34
-48
-54
59
31
-22
-39
-106
-49
29
-127
23
-61
108
68
47
-62
73
-82
119
78
-53
60
-28
79
-52
108
-64
31
-8
-75
-125
-81
-69
36
-38
-29
-82
-73
-116
-117
-11
-72
-24
29
52
-30
79
17
-70
-41
-114
-2
103
25
-67
67
122
-101
41
-58
123
104
53
2
-41
23
-85
35
127
14
-67
-81
-70
-94
-4
70
-128
21
-29
16
-66
-126
-94
32
-70
59
-2
-8
108
118
36
9
-30
-88
-29
5
-71
-84
-54
-23
-120
-63
118
-15
65
-5
-123
-11
-74
36
82
117
-70
-26
61
-89
44
54
34
-54
-38
8
119
96
-44
98
94
39
-120
68
-4
109
-65
-28
40
26
-35
-88
-55
-57
-73
-52
-35
63
55
16
116
-27
-117
-126
9
54
5
-88
-79
-109
-62
-17
56
-81
73
-110
-67
-71
125
-1
50
97
-20
-8
4
-65
-68
-59
47
108
31
110
49
42
30
-60
60
111
111
-9
75
-38
68
-14
26
31
-39
74
-88
-72
55
-42
-74
43
10
-62
-126
26
-52
-10
69
-115
74
96
-60
63
20
56
-13
-2
65
20
-58
-103
-85
-14
-118
100
43
76
-41
101
25
26
-125
-83
-103
63
47
-119
122
-3
-36
22
121
-123
-9
38
-62
22
-109
15
122
112
41
55
106
85
-54
-122
95
109
-103
-21
-71
-106
56
106
-116
72
12
-16
48
-66
118
64
37
-93
-63
76
-24
5
-72
28
-80
44
25
-37
-110
20
-53
-115
-47
55
27
25
62
19
-35
-20
-43
-54
-52
38
-62
28
73
-44
-48
63
-16
0
41
-35
52
-53
-116
99
65
84
-60
-31
37
-27
-40
-38
-44
10
-65
-56
-84
113
117
39
60
-55
35
127
-93
107
32
-71
51
-57
-43
-23
126
-78
-87
80
77
52
-113
50
-118
-3
45
-8
-38
54
-123
-57
-2
-78
10
-22
-59
54
44
40
-43
62
-33
19
-89
26
-61
-16
-60
-63
-47
-97
-26
-106
108
114
-59
19
4
5
-67
-42
46
-28
-104
107
94
-91
15
9
111
123
-84
-93
-108
121
-53
113
-118
63
34
-71
-70
57
58
-47
33
-106
61
30
-29
-51
82
124
-122
54
121
60
-58
-74
115
-68
-59
58
-31
-127
97
87
-72
-70
101
43
46
58
37
1
71
-40
-28
85
38
-71
-35
61
-96
92
-44
105
92
2
-37
60
30
16
23
-26
-123
-20
-59
-59
14
-50
-55
116
-30
11
-7
-28
-66
3
-9
14
-61
68
120
41
-9
60
-126
103
-3
0
63
-51
-60
87
126
31
-104
122
-46
-100
0
114
-72
-126
38
6
27
-14
-3
95
-125
1
-124
-90
42
-54
111
-25
-43
21
46
-17
-110
5
-54
-73
97
81
-23
-64
-50
55
-29
78
36
-57
108
-105
114
123
-69
-86
116
-97
-51
-52
-77
-61
-92
-83
-64
-54
83
-24
127
-102
104
22
-73
111
-49
-57
-3
-106
83
67
-47
21
-20
56
-125
-56
-106
-17
86
14
30
64
29
-22
-79
19
119
-7
-67
-41
-63
44
22
-72
35
-83
91
-119
28
38
-58
-48
-37
-87
-108
116
-108
-72
-47
-81
-113
11
-63
-59
-72
-46
34
-54
-53
-93
-23
-56
-51
61
-19
-25
16
-32
-54
48
94
-56
15
65
22
-123
-116
29
-108
118
15
-36
113
-52
-53
37
-119
107
-33
-79
98
-47
22
-49
-71
-54
20
-33
-67
-46
76
42
-70
-49
67
-77
-45
23
-12
-48
-90
106
106
-17
65
-17
94
52
19
-65
31
96
-38
-65
-41
-66
-66
-41
-43
46
-11
-44
-36
-128
103
19
18
27
-123
-30
27
55
7
106
-120
72
53
66
-65
124
-39
-64
-13
-9
-106
-81
32
27
53
-21
7
40
110
-8
12
-65
19
-38
50
-5
-102
-125
-118
-48
14
62
-49
120
-74
10
-46
-119
-110
-54
-38
38
8
98
-51
64
52
-41
-34
97
-24
65
114
68
95
14
110
119
-34
-114
-109
21
105
-51
-112
19
27
-91
36
-48
0
-121
95
14
40
36
81
-46
-128
-41
-67
-57
70
-28
-66
37
16
122
98
62
94
-87
118
79
-60
-49
-48
93
-4
-18
-22
8
-62
98
48
7
-15
67
-5
9
10
11
-105
-63
-44
42
-83
-49
24
73
-18
127
63
-123
-43
-9
-40
44
6
108
-128
88
27
26
25
-33
92
-68
-43
-124
-45
-37
-26
47
117
102
40
-36
-73
-128
-124
-50
-80
-123
112
-35
71
-114
112
63
-63
96
4
-75
73
76
0
-15
30
11
40
115
-56
28
-51
48
-26
92
-51
23
-40
-32
-30
113
-40
120
84
-33
-53
87
-110
74
-43
117
-117
127
-40
-127
-40
52
111
-120
-71
83
96
-43
46
-33
-1
55
5
-57
31
122
58
-36
-56
-63
47
8
-54
-96
17
-126
24
11
76
16
34
-79
108
-12
7
-73
-38
-6
4
-8
-33
-42
-35
31
63
53
41
121
-84
-121
-124
36
9
-127
-101
-40
-42
117
-78
-111
-42
26
32
-60
-75
-128
-9
101
14
-121
31
-112
48
-99
1
6
7
10
25
42
104
76
5
7
14
92
67
-30
-127
-15
-47
107
-4
109
-125
-122
-19
121
50
-34
-68
40
-101
-25
66
-60
-12
-32
-42
-64
-86
-126
-61
-57
-123
84
-41
-32
22
65
35
-47
-107
42
19
-8
-28
33
-75
-63
6
-59
-73
98
-79
127
-27
-46
37
44
24
-119
-49
-128
-33
25
-19
51
27
-56
-46
27
-61
-42
-108
15
57
33
9
37
-20
44
127
74
-91
118
-106
99
16
123
112
55
14
20
103
-74
21
8
-120
-57
-34
-113
36
-43
125
126
40
5
-51
8
-53
111
18
-13
30
-59
-33
101
-110
26
35
-106
53
-25
-15
32
97
60
-109
-54
40
40
-35
45
-79
-77
35
47
102
15
35
118
-120
24
40
13
6
53
64
33
-7
35
12
44
45
-37
-116
-95
-46
-89
1
-21
44
109
-29
18
40
-112
63
108
-52
-58
-5
-30
-18
-53
-61
54
-54
-62
-30
76
32
-22
10
-124
-34
-103
83
98
-51
-75
17
62
-104
-119
-59
16
-63
124
-38
33
-7
-8
111
-1
-61
38
66
-56
3
-101
-50
-60
-61
-18
-101
-45
25
-59
-73
86
-57
13
-69
-69
61
-32
-58
-55
-104
60
-65
-106
-40
-68
-120
12
92
-54
29
-49
31
-38
-11
-54
39
-106
45
71
-33
27
21
22
-57
40
28
-15
21
-116
-128
-59
32
-73
101
48
-63
84
-55
127
-62
-63
-57
14
5
-126
86
18
102
-31
114
127
-1
-38
24
-52
51
106
70
23
-40
74
107
98
46
25
36
51
-50
20
-68
120
-114
88
-47
-10
123
8
-8
-61
10
-66
10
25
114
38
93
-31
-66
61
107
-113
-30
3
76
123
107
122
122
-98
-3
-104
-93
-36
-113
100
17
-88
-114
2
63
11
74
32
23
-110
123
-16
-109
-125
-19
-38
-23
67
-16
14
-58
18
-64
30
-40
14
76
-8
100
86
-54
-58
-90
12
114
-116
-56
-80
118
-102
46
-91
-102
-68
-38
-87
-44
20
68
-86
14
-90
-57
44
-16
36
41
-79
27
-67
84
20
-31
39
-35
-126
-17
57
121
61
108
-70
113
-54
3
33
-38
-36
85
5
-32
83
125
-38
-122
-124
110
-11
-45
-84
3
43
104
110
-44
-66
19
-36
45
-70
-99
16
-72
65
-93
-70
-45
-57
-25
-40
-22
5
83
-128
-48
-85
85
-61
39
117
-119
119
124
-61
-54
-32
16
-33
-57
23
109
8
-117
-115
60
-78
-65
-8
-35
34
32
68
124
-123
90
53
122
29
11
86
3
-80
-74
-82
-128
-101
-83
108
-69
25
-114
1
58
-14
88
-76
-122
-81
116
76
-118
24
24
-82
-37
59
12
-47
8
122
-16
9
-46
-55
-71
43
121
-31
-40
44
48
-105
101
24
-86
-86
-108
15
127
-41
-79
-17
70
-19
-42
-9
62
29
18
13
126
-93
40
38
52
-31
118
50
46
69
108
8
-60
-32
-43
109
-105
127
-41
-41
118
108
-71
11
18
30
-15
-70
1
-43
-46
-6
2
-93
21
-30
-58
22
78
111
91
-81
126
-114
-68
121
-40
111
0
19
115
115
21
-126
52
42
125
-64
-12
62
-6
111
-123
4
-113
26
-39
119
24
-40
-73
11
-48
52
67
-8
18
-66
-76
119
-63
9
-30
30
-17
-109
-66
5
-64
-47
74
-63
-82
-70
-16
-118
-27
70
-73
-66
93
54
124
16
-21
-108
25
-63
-6
12
38
-64
57
0
-37
-10
93
115
45
43
120
57
105
-97
-115
-66
-83
-126
74
-33
-73
107
-125
88
126
42
-80
-84
-64
5
-44
-23
27
-118
0
-62
-19
25
-63
81
-62
66
-73
-6
1
22
-49
-17
-127
-25
-18
-24
113
19
-56
-42
-45
3
-106
-42
-34
119
-69
-75
-22
93
6
123
-17
24
13
-5
-114
-56
-45
-47
55
116
122
113
-1
98
17
6
-76
-81
-46
-114
27
28
-63
8
-74
98
65
-24
31
12
-67
104
-124
-47
-80
22
-124
84
127
-67
-117
-39
-71
105
27
44
5
26
-94
-72
40
50
111
125
-8
-3
-1
-71
103
-124
-65
20
115
105
48
-16
46
11
14
-117
83
48
7
18
-60
3
-67
5
-63
-34
-39
-127
-37
-39
52
41
-126
109
-3
-66
-62
127
-60
64
13
-38
-75
-56
103
101
-66
-122
-109
54
-122
56
-40
-41
-44
-43
-72
-82
-6
46
-47
-117
-27
-81
-47
-47
11
-18
117
-2
-53
46
-45
0
35
-38
-66
32
-12
65
4
91
111
23
11
-36
19
-1
-98
-46
-64
70
-117
-55
-74
37
-56
70
32
46
27
-49
66
-114
28
28
-62
60
110
32
23
-18
-60
-72
-39
-13
-41
-72
33
-94
40
-50
105
-57
-61
-35
43
6
-72
-65
-96
26
-21
-73
-126
-46
27
10
-66
-127
52
30
-66
-106
23
28
-128
-16
10
93
-21
4
-43
-126
-114
-72
-41
-61
-51
-44
-18
68
36
43
-112
-2
-3
-16
23
26
38
-120
-64
34
-55
121
46
-122
-41
-48
-57
-57
119
-90
-94
38
24
63
-33
124
-92
121
-43
44
64
-48
54
79
-86
114
121
-61
23
-46
83
-64
4
-21
6
-49
-126
116
41
111
20
15
-45
-8
-47
107
-121
-113
-35
-77
15
14
-126
-52
66
16
-31
47
124
-71
-35
34
-70
114
-65
-47
-9
-126
8
-7
-51
-22
51
-100
104
21
-65
123
-9
-49
-44
-127
-67
-29
-75
-59
65
-81
-2
-110
126
-18
41
-69
-20
19
39
124
-60
-67
-13
22
-115
89
-46
-60
-63
-31
76
18
-60
-72
-40
-37
39
92
99
-11
33
15
-60
-124
-69
-124
-60
-125
120
-8
-89
123
-48
109
24
-67
-99
-41
-5
-47
-19
20
22
71
-24
44
101
-29
-55
-84
-4
-11
-62
-41
45
126
-45
110
-76
55
-60
21
-42
127
117
-123
-6
33
-31
-126
124
-1
-52
36
31
111
-74
-49
-11
-111
19
-23
85
15
102
121
124
2
61
33
-99
-1
-64
50
-51
-33
13
-38
16
-45
51
-75
51
63
-92
20
0
-42
-104
105
118
-83
-33
12
-52
97
57
-41
1
-64
-39
6
-54
-2
-112
121
-51
-1
-111
-42
119
44
81
-91
30
56
88
-35
-123
-53
-14
-24
70
-50
-117
8
-81
100
-15
-10
115
52
-7
64
-59
124
51
30
97
117
127
-51
20
-32
5
-45
77
74
107
28
21
120
26
-18
30
121
21
-38
111
-86
-123
-22
-86
-44
4
-35
119
-46
-58
87
-5
-122
-60
9
108
-49
89
-60
-74
124
8
-106
76
104
-64
-53
66
-106
39
104
-72
-26
7
73
47
117
-122
53
-48
-118
-46
19
-26
37
-14
-75
90
-1
-83
-111
10
-88
58
119
120
21
-47
-27
-33
-23
-54
28
12
41
91
17
-124
54
-9
-7
32
-102
71
5
-102
-17
55
-62
76
-48
-83
-77
-107
92
24
-26
67
60
50
-20
32
-41
79
-114
-5
3
-87
17
-50
-87
122
-35
62
-53
-65
-9
55
117
30
-1
-37
2
2
73
1
-51
126
56
61
-29
115
20
-126
-42
35
-128
-52
-35
-22
7
50
102
27
19
-30
9
43
-76
-67
7
38
-86
-110
-53
30
51
-69
-1
-21
43
38
-88
-32
-14
96
65
86
106
-35
-51
89
-113
112
-93
-46
119
78
-49
34
-91
-106
76
67
-77
-53
43
13
6
-31
55
-80
-74
-45
82
-84
-108
43
16
-93
-64
-47
11
102
-46
21
-19
104
-39
25
56
-92
118
90
-47
-7
120
26
29
11
-118
10
19
13
-16
-87
25
92
26
-38
62
-60
-61
-53
44
12
-50
83
-114
28
-68
-65
-109
-28
96
-91
110
-53
-50
53
35
-69
99
-88
123
-51
30
-65
-68
-58
57
-46
-38
56
64
2
127
44
-24
-72
-117
32
96
-60
23
22
93
-55
20
-54
-69
88
104
102
-127
67
-15
-11
17
-118
-81
0
89
-121
-21
-28
105
116
-110
-81
10
87
-40
-121
-48
32
111
-81
-47
-102
58
-124
28
82
115
-34
61
-73
-38
45
32
-5
-70
-37
8
51
102
67
-15
33
79
-96
-59
-31
-31
3
42
38
32
-44
-16
-128
29
8
-59
-26
41
-72
-50
28
110
-127
67
-46
4
117
-81
7
-25
-25
12
13
-91
31
-46
-53
-37
21
36
-83
121
-124
-72
21
-81
-50
-115
-120
-29
-78
119
11
37
90
-71
33
-7
-34
-57
-19
-68
-78
-33
8
-82
-65
5
3
120
9
-96
34
21
-80
-68
-73
-70
14
-66
107
-112
-124
-46
113
32
-66
-78
-9
36
36
71
-26
17
13
-78
7
-66
25
-24
-7
115
75
30
-57
32
-104
125
-68
8
-78
-80
6
58
-39
17
-35
-33
-59
51
-23
-89
83
-35
-40
37
121
99
-112
38
82
45
-45
46
7
-16
-1
114
22
-86
2
1
-74
35
40
98
53
-68
114
24
-91
-103
-58
83
73
94
25
-60
-71
103
-20
34
31
66
87
98
34
23
-13
17
10
-95
-30
-57
-17
106
20
108
-102
9
92
-40
62
-22
90
-18
109
-65
16
-48
23
55
120
-34
32
124
17
-65
-128
-23
-86
124
2
5
-10
47
109
-6
-115
-98
-51
-69
-16
3
-7
-35
121
-68
16
54
-3
-51
-104
-79
21
48
-19
14
-15
112
56
119
114
7
16
-16
18
25
-122
-37
18
-49
31
35
-15
-68
-59
-70
-50
-66
31
109
30
-61
1
28
82
34
-105
59
-54
-46
108
22
106
121
-35
74
85
81
21
-50
76
-113
-42
13
-85
-61
-85
97
-104
-54
94
-18
126
-31
-61
9
-32
50
108
125
-111
9
34
-93
86
-45
-41
101
-35
44
55
43
118
7
28
76
-1
64
-126
-20
-73
-24
-113
-73
-63
52
40
-51
-126
-2
-15
-55
46
-75
-113
-116
24
16
126
29
80
-12
124
104
16
10
-56
-1
31
40
-43
-64
-113
62
22
14
-9
-127
-43
-47
-45
-116
-124
-61
-85
26
39
-28
2
83
123
6
-51
-62
108
28
43
25
27
10
24
-58
-120
29
75
-48
-5
-106
44
-2
-36
9
123
-68
-74
127
3
86
-32
-91
124
83
109
28
-72
-60
-38
-69
97
55
90
-54
2
113
2
104
88
-126
94
-113
67
-49
-67
-54
30
-35
-56
-29
22
85
-11
-32
119
118
-25
-39
-39
-106
-53
16
-42
24
-59
-43
-36
-75
-57
44
33
33
52
-7
77
-83
-63
-50
58
-45
-95
43
31
30
55
45
-25
3
-86
81
-113
121
114
92
118
40
-4
-89
38
-4
-21
81
-50
120
-18
52
-44
-24
-47
98
109
113
77
-123
17
65
-68
-127
-118
114
-29
-70
-125
107
-59
-52
104
-128
55
-53
-6
55
-60
-49
-126
-70
30
10
-34
-46
88
41
-12
-70
-124
-123
97
-61
21
117
-25
31
33
59
-60
-79
-49
-21
-127
3
8
-56
109
-62
68
-64
-128
90
-9
5
-40
-62
-28
-45
20
-119
-103
31
-42
-101
-72
-32
-20
41
35
-52
-1
-56
17
11
59
-43
-37
-53
18
40
72
-42
36
127
-39
-11
-36
-69
7
-29
72
-61
-74
83
5
104
39
-72
-54
-26
-1
-61
-74
49
108
-62
-111
14
25
-52
-24
-24
-64
-71
35
-93
-78
-68
22
-67
1
-72
-5
58
-42
101
-34
-4
-81
-111
4
72
-29
-40
-111
-82
-119
126
-81
-53
-83
-19
-61
-27
0
53
4
121
1
65
53
-15
-60
-28
-72
40
-37
-70
50
-91
-64
-64
26
-128
-98
24
-109
-61
109
-61
120
-36
-68
-122
-51
108
-45
9
108
65
113
11
64
-92
116
-43
-102
-20
-79
27
-56
-58
-46
38
61
6
-51
-116
64
47
-72
36
-47
83
122
2
71
40
23
-40
113
-70
111
-49
-55
-18
112
-61
-94
62
108
107
83
100
-15
-81
-66
22
-87
118
-84
117
-112
-110
-7
35
13
-53
54
121
90
25
116
-23
55
-4
48
-39
-53
32
-62
109
122
29
75
79
-79
-119
-103
-52
44
-102
46
126
-120
-11
66
31
-35
29
-64
63
-66
48
7
-120
-50
25
-52
54
-111
23
-55
114
-58
-71
-28
-22
-66
-75
117
-64
-90
41
-96
31
43
34
14
-45
3
51
93
28
-33
-41
35
-61
36
-62
-85
-45
28
-71
7
-81
-52
-87
42
-81
28
-71
63
-34
3
13
-80
99
-118
-90
-92
-54
70
-50
-75
-92
111
-45
-66
44
-110
-75
75
-2
17
52
-80
-19
-4
-26
-36
14
-65
-127
39
25
20
-118
25
-124
30
-120
-125
21
-30
119
-65
-37
117
14
-79
20
-68
51
36
11
16
-36
34
6
19
-45
-95
32
47
-115
40
6
-122
88
-47
-21
0
114
-85
21
20
-67
6
36
41
-17
111
117
-4
-76
118
-34
4
6
-91
27
60
-13
-86
119
38
-76
-60
-48
13
23
-86
-53
-78
-112
38
2
-51
-75
-60
-96
-52
-35
-86
-50
46
-31
-59
-10
49
23
44
-97
-55
122
-57
-18
31
-42
-51
49
110
-58
-59
-47
16
60
-42
37
34
30
-51
-73
56
-62
4
1
107
-55
44
102
-115
66
93
-69
-53
51
27
35
-59
108
8
-43
-109
-128
-41
31
-119
109
-127
113
-26
-38
-50
-119
40
-45
-48
28
-13
-35
17
-3
-58
50
-4
84
34
10
-62
24
-114
-51
39
-65
49
36
-53
-68
-35
36
9
43
-123
-113
-109
-1
105
98
-51
-48
26
8
-58
35
27
-62
-14
-48
-108
22
40
12
-122
77
-27
82
31
-69
-50
19
47
89
36
-57
111
-43
33
-62
97
-64
-18
-66
-71
-56
49
-102
-26
45
25
-46
-43
102
-117
1
-18
119
107
-44
12
114
50
-34
16
-68
77
-119
22
24
115
78
59
-34
-31
-90
15
-81
-128
-46
-60
21
11
17
13
-57
-41
125
100
-60
-16
110
71
-38
-74
101
19
117
-92
117
66
69
46
104
27
6
-8
-70
-66
31
46
-99
123
17
43
-67
122
-33
-7
-54
9
112
-37
84
36
75
-8
58
77
14
-54
-37
113
26
-42
-70
6
-76
-50
-65
-106
-114
56
18
-40
-114
32
99
37
-127
12
97
123
15
113
60
-22
29
-21
59
44
-58
-108
-126
-48
96
-43
-83
-83
-93
49
-117
-117
108
-64
25
111
-95
-39
56
116
-39
-68
-94
76
70
124
21
-53
44
-127
-36
98
-98
-87
112
49
-93
124
20
-60
100
95
-120
-87
-120
-17
124
-100
-9
124
-72
-1
30
-6
-78
-36
-43
9
-34
108
-66
89
36
-85
-35
43
-38
38
-20
26
46
-28
-74
51
-15
73
52
-35
-85
42
-65
-109
-71
87
-26
127
9
21
31
-52
-127
-87
63
-42
-48
-104
-99
116
-25
122
54
-57
-49
125
-97
-12
-26
50
-30
4
-27
-88
-29
-23
30
-44
-56
73
103
14
25
-48
-37
80
-29
-105
88
27
-36
122
46
53
-43
101
-11
31
51
-112
-11
-84
100
76
-9
119
32
-52
15
-59
-3
54
69
104
53
-88
-126
25
-31
-55
-35
36
42
-81
20
76
85
-29
42
-119
3
-112
53
-20
-95
-53
61
-8
-120
81
24
-126
98
29
71
-37
-35
104
103
80
-70
-62
-57
5
-70
12
5
-55
62
-121
40
-128
63
-63
8
-122
-121
19
-47
-111
-115
-50
-20
37
14
-84
27
-50
19
41
94
18
-61
21
-119
16
127
-61
16
-74
38
57
-26
54
69
118
37
49
-59
-20
-125
-64
21
-113
60
-111
28
123
120
46
-29
-30
58
87
-43
41
-118
55
102
-39
107
75
91
-39
118
-2
11
33
85
-120
109
36
95
-126
117
48
91
-13
51
-54
28
-96
101
8
-102
69
47
-34
69
-30
91
7
5
-118
-62
-5
-46
49
17
-35
11
7
115
41
103
15
-50
-2
-31
20
-111
43
-46
-126
-71
49
41
-55
-75
28
-4
126
-78
27
-26
-52
-60
-53
-49
-38
52
-21
-92
54
117
117
58
11
40
-56
-41
-67
-22
-4
-95
-30
-64
-54
-3
-71
-75
-57
-60
-18
43
89
-51
113
-4
25
12
-83
33
-40
107
46
26
-38
58
-46
-114
-45
110
-97
-1
-31
47
40
31
-60
9
56
10
30
-51
-66
37
29
10
-51
-68
-24
9
35
-111
12
-57
40
-107
-52
-19
116
121
47
-126
120
32
-61
-46
-69
116
12
11
-117
-30
96
-61
-78
54
98
110
81
46
-86
21
-107
-41
-41
98
95
82
106
110
-43
-5
124
30
25
-96
27
40
-104
111
-127
99
-33
-39
55
-58
59
117
-39
-54
75
18
31
-53
57
-74
24
-32
19
-65
-77
17
68
-114
-1
70
18
-14
56
-2
-37
-90
-63
70
-23
26
-58
-27
59
-73
-34
-77
-61
12
58
-32
10
3
10
43
101
1
-81
-67
85
2
46
-2
-46
71
-60
24
-102
-97
53
-72
-52
14
40
-127
-37
-89
25
127
-91
121
45
-112
110
-115
117
35
-18
45
-47
13
-116
52
38
-35
-47
53
-109
125
-75
-1
-3
-57
-23
-41
-108
99
64
116
38
-128
24
-80
-47
87
-93
-38
61
27
-102
85
-70
-109
18
15
61
46
39
-48
68
-53
55
-71
11
126
-63
48
33
96
89
65
112
-36
21
-57
-15
40
121
-40
112
5
-123
17
-53
-10
73
2
-51
16
65
-57
31
-70
117
-11
34
-52
70
-75
-122
94
-3
-64
-113
-29
45
19
-41
62
-86
-124
101
-52
37
-41
52
102
30
-112
-6
-22
18
-123
-66
124
-45
-80
86
90
53
-119
-18
-43
-56
-53
-96
-15
28
53
-14
8
-49
13
-10
0
2
-47
120
20
49
-77
28
-78
-13
43
-39
99
-57
25
-108
38
-41
108
20
-5
-63
-57
62
120
83
11
-110
72
98
117
50
126
21
-120
29
61
-63
42
-53
-44
-43
-5
105
51
103
16
73
34
59
-54
112
-41
-46
-51
-24
35
28
-61
125
-42
28
-58
27
-110
15
-52
91
102
114
121
-44
110
-122
53
-60
105
15
42
-120
-84
43
-69
29
110
121
78
25
118
-84
36
-83
46
16
22
34
-31
-99
-4
0
75
111
-54
115
48
-122
-74
110
127
-123
-69
-59
34
27
-106
123
-38
107
-82
-19
-7
-21
20
114
-119
111
56
-10
26
-37
-121
-70
-25
-16
-66
114
-26
-83
-122
26
-30
-73
97
1
121
31
-56
60
13
-36
92
-69
-72
-78
-64
118
51
-2
-8
-1
-54
-64
116
12
57
-2
21
7
-67
114
60
-31
-41
82
-38
43
114
-72
54
105
-15
76
51
-70
-85
117
104
-78
67
23
53
11
-41
-17
